0 0.749049
1000 0.749044
2000 0.749051
3000 0.749051
4000 0.749051
5000 0.749062
6000 0.749056
7000 0.749079
8000 0.749075
9000 0.749052
10000 0.749052
11000 0.749054
12000 0.74904
13000 0.74903
14000 0.74902
15000 0.749004
16000 0.74901
17000 0.749014
18000 0.749015
19000 0.749024
20000 0.749034
21000 0.749047
22000 0.749024
23000 0.749049
24000 0.749041
25000 0.74904
26000 0.749065
27000 0.749069
28000 0.749055
29000 0.749035
30000 0.749044
31000 0.749034
32000 0.749037
33000 0.749022
34000 0.749016
35000 0.749024
36000 0.749024
37000 0.749044
38000 0.749029
39000 0.749012
40000 0.749013
41000 0.749014
42000 0.749016
43000 0.749049
44000 0.749061
45000 0.749044
46000 0.749049
47000 0.749052
48000 0.749056
49000 0.749058
50000 0.74906
51000 0.749051
52000 0.74906
53000 0.749055
54000 0.749037
55000 0.749031
56000 0.749023
57000 0.74903
58000 0.749018
59000 0.749016
60000 0.749008
61000 0.749006
62000 0.749
63000 0.74899
64000 0.749007
65000 0.749002
66000 0.748989
67000 0.749007
68000 0.749012
69000 0.749006
70000 0.749011
71000 0.748999
72000 0.749003
73000 0.749016
74000 0.749024
75000 0.74903
76000 0.749046
77000 0.749066
78000 0.749068
79000 0.749062
80000 0.749058
81000 0.749057
82000 0.749033
83000 0.749024
84000 0.749013
85000 0.749021
86000 0.749032
87000 0.749033
88000 0.749028
89000 0.749015
90000 0.749007
91000 0.748997
92000 0.749019
93000 0.749011
94000 0.749034
95000 0.749038
96000 0.749054
97000 0.749076
98000 0.749085
99000 0.749082
100000 0.749077
101000 0.749039
102000 0.749032
103000 0.749036
104000 0.749039
105000 0.749027
106000 0.749041
107000 0.74903
108000 0.749019
109000 0.748984
110000 0.748995
111000 0.748965
112000 0.748969
113000 0.74897
114000 0.748969
115000 0.748982
116000 0.749009
117000 0.749012
118000 0.748985
119000 0.748975
120000 0.748974
121000 0.748973
122000 0.748965
123000 0.748949
124000 0.748958
125000 0.748961
126000 0.748976
127000 0.74898
128000 0.748995
129000 0.748969
130000 0.74898
131000 0.748975
132000 0.748991
133000 0.748993
134000 0.748982
135000 0.74898
136000 0.748982
137000 0.748989
138000 0.748996
139000 0.748989
140000 0.748986
141000 0.74899
142000 0.749027
143000 0.74901
144000 0.74903
145000 0.749034
146000 0.749024
147000 0.749008
148000 0.749005
149000 0.748994
150000 0.749002
151000 0.748995
152000 0.748994
153000 0.748982
154000 0.748971
155000 0.748973
156000 0.74898
157000 0.748972
158000 0.748979
159000 0.748986
160000 0.749008
161000 0.749017
162000 0.748998
163000 0.749005
164000 0.749011
165000 0.749021
166000 0.749008
167000 0.748993
168000 0.748992
169000 0.749
170000 0.748981
171000 0.748991
172000 0.748994
173000 0.748995
174000 0.749005
175000 0.749012
176000 0.74902
177000 0.749025
178000 0.749004
179000 0.749004
180000 0.749018
181000 0.748983
182000 0.748974
183000 0.748962
184000 0.748965
185000 0.74898
186000 0.748973
187000 0.748972
188000 0.748967
189000 0.74894
190000 0.748938
191000 0.748935
192000 0.748937
193000 0.748938
194000 0.748914
195000 0.748921
196000 0.748906
197000 0.748896
198000 0.748896
199000 0.748884
200000 0.748872
201000 0.748878
202000 0.748894
203000 0.748896
204000 0.748893
205000 0.748893
206000 0.748894
207000 0.748898
208000 0.748873
209000 0.748885
210000 0.748899
211000 0.748903
212000 0.748905
213000 0.748904
214000 0.748912
215000 0.748897
216000 0.748907
217000 0.748917
218000 0.748932
219000 0.748935
220000 0.748928
221000 0.748949
222000 0.748957
223000 0.748961
224000 0.748947
225000 0.748923
226000 0.748914
227000 0.748931
228000 0.748952
229000 0.748977
230000 0.748961
231000 0.748949
232000 0.748939
233000 0.748951
234000 0.748957
235000 0.748978
236000 0.748967
237000 0.748956
238000 0.74896
239000 0.748969
240000 0.748991
241000 0.748984
242000 0.748995
243000 0.748999
244000 0.748988
245000 0.749005
246000 0.749001
247000 0.749006
248000 0.749013
249000 0.748983
250000 0.748973
251000 0.748974
252000 0.748981
253000 0.748977
254000 0.748985
255000 0.748996
256000 0.74899
257000 0.748998
258000 0.749009
259000 0.748993
260000 0.749019
261000 0.749028
262000 0.749031
263000 0.749015
264000 0.749018
265000 0.749016
266000 0.749032
267000 0.749007
268000 0.74901
269000 0.749008
270000 0.748994
271000 0.748991
272000 0.74898
273000 0.748968
274000 0.748963
275000 0.748999
276000 0.748997
277000 0.74901
278000 0.749013
279000 0.749025
280000 0.749048
281000 0.749059
282000 0.749075
283000 0.749073
284000 0.749093
285000 0.749085
286000 0.749076
287000 0.749092
288000 0.749086
289000 0.7491
290000 0.749102
291000 0.749076
292000 0.749055
293000 0.749047
294000 0.749068
295000 0.749062
296000 0.749055
297000 0.749044
298000 0.749076
299000 0.749065
300000 0.74907
301000 0.749068
302000 0.749043
303000 0.749022
304000 0.749018
305000 0.748987
306000 0.748963
307000 0.748964
308000 0.748945
309000 0.74896
310000 0.748972
311000 0.748994
312000 0.74898
313000 0.748974
314000 0.748986
315000 0.748979
316000 0.74897
317000 0.748968
318000 0.748958
319000 0.748957
320000 0.748966
321000 0.748971
322000 0.74899
323000 0.749017
324000 0.749003
325000 0.748989
326000 0.748977
327000 0.748982
328000 0.748988
329000 0.748972
330000 0.748973
331000 0.748993
332000 0.749
333000 0.749006
334000 0.749014
335000 0.74902
336000 0.749018
337000 0.749003
338000 0.749015
339000 0.749019
340000 0.749021
341000 0.749048
342000 0.749039
343000 0.749055
344000 0.749054
345000 0.749059
346000 0.749054
347000 0.749046
348000 0.749063
349000 0.749079
350000 0.749094
351000 0.749078
352000 0.749077
353000 0.749078
354000 0.749085
355000 0.749061
356000 0.749066
357000 0.749099
358000 0.749095
359000 0.749105
360000 0.749106
361000 0.749131
362000 0.749102
363000 0.749104
364000 0.749091
365000 0.749099
366000 0.749104
367000 0.749113
368000 0.749123
369000 0.749132
370000 0.749131
371000 0.749123
372000 0.749105
373000 0.749117
374000 0.749109
375000 0.74912
376000 0.74912
377000 0.749133
378000 0.749142
379000 0.749141
380000 0.749132
381000 0.749162
382000 0.749149
383000 0.749147
384000 0.749141
385000 0.749141
386000 0.749143
387000 0.749129
388000 0.749129
389000 0.749109
390000 0.749102
391000 0.74909
392000 0.749085
393000 0.749085
394000 0.749069
395000 0.74908
396000 0.749098
397000 0.749084
398000 0.749078
399000 0.749087
400000 0.749089
401000 0.749092
402000 0.749087
403000 0.749084
404000 0.749089
405000 0.74908
406000 0.749071
407000 0.749081
408000 0.749089
409000 0.749081
410000 0.749086
411000 0.749094
412000 0.74909
413000 0.749094
414000 0.749095
415000 0.749087
416000 0.74906
417000 0.749064
418000 0.749061
419000 0.749064
420000 0.749059
421000 0.749069
422000 0.749075
423000 0.749083
424000 0.749092
425000 0.749081
426000 0.749082
427000 0.749089
428000 0.749105
429000 0.749106
430000 0.749099
431000 0.7491
432000 0.749083
433000 0.749099
434000 0.749099
435000 0.749098
436000 0.749097
437000 0.749091
438000 0.749096
439000 0.749092
440000 0.749093
441000 0.749085
442000 0.749099
443000 0.749115
444000 0.749101
445000 0.749089
446000 0.74908
447000 0.749074
448000 0.749062
449000 0.749076
450000 0.749102
451000 0.749101
452000 0.749104
453000 0.749119
454000 0.74912
455000 0.749114
456000 0.749112
457000 0.749084
458000 0.749068
459000 0.749087
460000 0.749089
461000 0.749086
462000 0.749081
463000 0.749114
464000 0.749088
465000 0.749065
466000 0.749076
467000 0.74908
468000 0.749076
469000 0.749078
470000 0.749073
471000 0.749071
472000 0.749053
473000 0.749072
474000 0.749074
475000 0.749091
476000 0.749106
477000 0.74911
478000 0.749124
479000 0.749105
480000 0.749089
481000 0.749067
482000 0.749065
483000 0.749099
484000 0.749103
485000 0.749097
486000 0.749086
487000 0.749086
488000 0.749091
489000 0.749102
490000 0.749108
491000 0.749139
492000 0.749138
493000 0.74911
494000 0.749105
495000 0.7491
496000 0.749079
497000 0.749084
498000 0.749078
499000 0.749079
500000 0.749063
501000 0.749057
502000 0.749042
503000 0.749052
504000 0.74906
505000 0.749053
506000 0.749053
507000 0.749046
508000 0.749043
509000 0.749036
510000 0.74904
511000 0.749024
512000 0.749039
513000 0.749054
514000 0.749062
515000 0.749062
516000 0.749065
517000 0.749093
518000 0.749084
519000 0.74909
520000 0.749101
521000 0.749091
522000 0.74909
523000 0.749087
524000 0.749068
525000 0.749053
526000 0.749061
527000 0.749046
528000 0.749015
529000 0.74903
530000 0.749024
531000 0.749001
532000 0.748999
533000 0.749
534000 0.749007
535000 0.748994
536000 0.749016
537000 0.749028
538000 0.74901
539000 0.749006
540000 0.749005
541000 0.748992
542000 0.749001
543000 0.749001
544000 0.749026
545000 0.749029
546000 0.749043
547000 0.749028
548000 0.748998
549000 0.749015
550000 0.749007
551000 0.749023
552000 0.749009
553000 0.749003
554000 0.748993
555000 0.748999
556000 0.749005
557000 0.749009
558000 0.749014
559000 0.749007
560000 0.749013
561000 0.749009
562000 0.74899
563000 0.748981
564000 0.748971
565000 0.748969
566000 0.748975
567000 0.748971
568000 0.748948
569000 0.748944
570000 0.748953
571000 0.748954
572000 0.748951
573000 0.748972
574000 0.748965
575000 0.74895
576000 0.748944
577000 0.748942
578000 0.748957
579000 0.748954
580000 0.748963
581000 0.748979
582000 0.748991
583000 0.748997
584000 0.748979
585000 0.748977
586000 0.74898
587000 0.748968
588000 0.748984
589000 0.748991
590000 0.748969
591000 0.74896
592000 0.748952
593000 0.748968
594000 0.748986
595000 0.748975
596000 0.748992
597000 0.749004
598000 0.748979
599000 0.74899
600000 0.748995
601000 0.749003
602000 0.749006
603000 0.749012
604000 0.749035
605000 0.749049
606000 0.749048
607000 0.749053
608000 0.74906
609000 0.749062
610000 0.749058
611000 0.749055
612000 0.749045
613000 0.749041
614000 0.749021
615000 0.749038
616000 0.749021
617000 0.749014
618000 0.749012
619000 0.748999
620000 0.748979
621000 0.748989
622000 0.748995
623000 0.748992
624000 0.748992
625000 0.748984
626000 0.74897
627000 0.748959
628000 0.748957
629000 0.748977
630000 0.748983
631000 0.748976
632000 0.748955
633000 0.748945
634000 0.748964
635000 0.748958
636000 0.74896
637000 0.748963
638000 0.748983
639000 0.748984
640000 0.748977
641000 0.748961
642000 0.748963
643000 0.748955
644000 0.748952
645000 0.748936
646000 0.748944
647000 0.748949
648000 0.748967
649000 0.74897
650000 0.748972
651000 0.748978
652000 0.748962
653000 0.748971
654000 0.748973
655000 0.748969
656000 0.748962
657000 0.748975
658000 0.748982
659000 0.748975
660000 0.748978
661000 0.748972
662000 0.748969
663000 0.748984
664000 0.748978
665000 0.748953
666000 0.748955
667000 0.748978
668000 0.748966
669000 0.748976
670000 0.748973
671000 0.748969
672000 0.748968
673000 0.748954
674000 0.748944
675000 0.748975
676000 0.748975
677000 0.748974
678000 0.748969
679000 0.748965
680000 0.74897
681000 0.748982
682000 0.749006
683000 0.749005
684000 0.749002
685000 0.749018
686000 0.749029
687000 0.749038
688000 0.749051
689000 0.74904
690000 0.749045
691000 0.749056
692000 0.749067
693000 0.749091
694000 0.749092
695000 0.749119
696000 0.749099
697000 0.749105
698000 0.749107
699000 0.749113
700000 0.749115
701000 0.749126
702000 0.749105
703000 0.749101
704000 0.749117
705000 0.749122
706000 0.749107
707000 0.749107
708000 0.749113
709000 0.749107
710000 0.749117
711000 0.749095
712000 0.7491
713000 0.749101
714000 0.74911
715000 0.749116
716000 0.749099
717000 0.749102
718000 0.74909
719000 0.749097
720000 0.749091
721000 0.749109
722000 0.749102
723000 0.749104
724000 0.74911
725000 0.749112
726000 0.749102
727000 0.749101
728000 0.749119
729000 0.749116
730000 0.749116
731000 0.749123
732000 0.749125
733000 0.749148
734000 0.749156
735000 0.749159
736000 0.749158
737000 0.74916
738000 0.749161
739000 0.749167
740000 0.749163
741000 0.749168
742000 0.749158
743000 0.749161
744000 0.749164
745000 0.749167
746000 0.74917
747000 0.749159
748000 0.749164
749000 0.74915
750000 0.74916
751000 0.749153
752000 0.749167
753000 0.749155
754000 0.749133
755000 0.749127
756000 0.749132
757000 0.749139
758000 0.749146
759000 0.749145
760000 0.749144
761000 0.749149
762000 0.749148
763000 0.749147
764000 0.74913
765000 0.749114
766000 0.749113
767000 0.749115
768000 0.749124
769000 0.749126
770000 0.749119
771000 0.749135
772000 0.74914
773000 0.749137
774000 0.749129
775000 0.749126
776000 0.749118
777000 0.749118
778000 0.749125
779000 0.749142
780000 0.749138
781000 0.749144
782000 0.74915
783000 0.74914
784000 0.749142
785000 0.749153
786000 0.749154
787000 0.749141
788000 0.749134
789000 0.749121
790000 0.749125
791000 0.749114
792000 0.749122
793000 0.74912
794000 0.74913
795000 0.749136
796000 0.749128
797000 0.749132
798000 0.749116
799000 0.749101
800000 0.749105
801000 0.749112
802000 0.749124
803000 0.749121
804000 0.749125
805000 0.749139
806000 0.749133
807000 0.749154
808000 0.749165
809000 0.749153
810000 0.749171
811000 0.749176
812000 0.74916
813000 0.749179
814000 0.74917
815000 0.749186
816000 0.749194
817000 0.749202
818000 0.749189
819000 0.749167
820000 0.74917
821000 0.749192
822000 0.749204
823000 0.749184
824000 0.749196
825000 0.749198
826000 0.749183
827000 0.749187
828000 0.749197
829000 0.74921
830000 0.749217
831000 0.749209
832000 0.749204
833000 0.749202
834000 0.749193
835000 0.749191
836000 0.749212
837000 0.749219
838000 0.749219
839000 0.749222
840000 0.749215
841000 0.749211
842000 0.749215
843000 0.749221
844000 0.749224
845000 0.749221
846000 0.749217
847000 0.74922
848000 0.749204
849000 0.749207
850000 0.749198
851000 0.749205
852000 0.7492
853000 0.749187
854000 0.749184
855000 0.749196
856000 0.74921
857000 0.749211
858000 0.749213
859000 0.749206
860000 0.749196
861000 0.749193
862000 0.749198
863000 0.749219
864000 0.749221
865000 0.749217
866000 0.749204
867000 0.749202
868000 0.74919
869000 0.749202
870000 0.749201
871000 0.749195
872000 0.749182
873000 0.749174
874000 0.749143
875000 0.749132
876000 0.74915
877000 0.74914
878000 0.74915
879000 0.74914
880000 0.749129
881000 0.749121
882000 0.749112
883000 0.7491
884000 0.749085
885000 0.749076
886000 0.749072
887000 0.749067
888000 0.749061
889000 0.749053
890000 0.749058
891000 0.749055
892000 0.749068
893000 0.749061
894000 0.749043
895000 0.749
896000 0.748982
897000 0.748988
898000 0.748999
899000 0.749005
900000 0.748999
901000 0.748998
902000 0.748995
903000 0.748971
904000 0.748972
905000 0.748958
906000 0.748963
907000 0.748963
908000 0.748965
909000 0.748963
910000 0.748974
911000 0.748975
912000 0.74897
913000 0.748971
914000 0.748985
915000 0.748985
916000 0.748991
917000 0.749001
918000 0.748983
919000 0.748996
920000 0.748994
921000 0.748997
922000 0.748983
923000 0.74898
924000 0.748999
925000 0.748987
926000 0.748987
927000 0.748988
928000 0.748987
929000 0.748988
930000 0.748993
931000 0.748985
932000 0.748986
933000 0.748995
934000 0.748995
935000 0.749018
936000 0.749011
937000 0.749003
938000 0.74899
939000 0.748975
940000 0.748966
941000 0.748975
942000 0.748973
943000 0.748977
944000 0.74899
945000 0.749005
946000 0.749018
947000 0.749031
948000 0.749028
949000 0.74905
950000 0.749053
951000 0.749039
952000 0.749052
953000 0.749053
954000 0.749056
955000 0.749078
956000 0.749091
957000 0.74909
958000 0.749094
959000 0.749092
960000 0.749084
961000 0.749101
962000 0.749092
963000 0.749073
964000 0.749077
965000 0.749096
966000 0.749096
967000 0.749106
968000 0.749118
969000 0.749113
970000 0.749124
971000 0.749126
972000 0.749133
973000 0.749151
974000 0.749138
975000 0.749133
976000 0.74913
977000 0.749128
978000 0.749115
979000 0.749121
980000 0.749123
981000 0.74911
982000 0.749133
983000 0.74912
984000 0.749116
985000 0.749112
986000 0.749124
987000 0.749125
988000 0.749127
989000 0.749118
990000 0.749124
991000 0.749129
992000 0.749124
993000 0.749135
994000 0.749139
995000 0.749153
996000 0.749143
997000 0.749133
998000 0.74913
999000 0.749122
