-3.682021e+00 1.280810e-04
-3.662502e+00 0.000000e+00
-3.642983e+00 0.000000e+00
-3.623464e+00 0.000000e+00
-3.603945e+00 0.000000e+00
-3.584426e+00 0.000000e+00
-3.564907e+00 1.280810e-04
-3.545388e+00 0.000000e+00
-3.525869e+00 0.000000e+00
-3.506350e+00 0.000000e+00
-3.486832e+00 0.000000e+00
-3.467313e+00 0.000000e+00
-3.447794e+00 0.000000e+00
-3.428275e+00 0.000000e+00
-3.408756e+00 0.000000e+00
-3.389237e+00 0.000000e+00
-3.369718e+00 0.000000e+00
-3.350199e+00 0.000000e+00
-3.330680e+00 0.000000e+00
-3.311161e+00 0.000000e+00
-3.291643e+00 0.000000e+00
-3.272124e+00 0.000000e+00
-3.252605e+00 0.000000e+00
-3.233086e+00 0.000000e+00
-3.213567e+00 0.000000e+00
-3.194048e+00 0.000000e+00
-3.174529e+00 0.000000e+00
-3.155010e+00 1.280810e-04
-3.135491e+00 0.000000e+00
-3.115972e+00 0.000000e+00
-3.096454e+00 2.561620e-04
-3.076935e+00 0.000000e+00
-3.057416e+00 0.000000e+00
-3.037897e+00 0.000000e+00
-3.018378e+00 1.280810e-04
-2.998859e+00 0.000000e+00
-2.979340e+00 0.000000e+00
-2.959821e+00 1.280810e-04
-2.940302e+00 0.000000e+00
-2.920783e+00 0.000000e+00
-2.901265e+00 2.561620e-04
-2.881746e+00 1.280810e-04
-2.862227e+00 1.280810e-04
-2.842708e+00 1.280810e-04
-2.823189e+00 0.000000e+00
-2.803670e+00 3.842430e-04
-2.784151e+00 2.561620e-04
-2.764632e+00 3.842430e-04
-2.745113e+00 2.561620e-04
-2.725594e+00 2.561620e-04
-2.706076e+00 1.280810e-04
-2.686557e+00 2.561620e-04
-2.667038e+00 3.842430e-04
-2.647519e+00 1.280810e-04
-2.628000e+00 1.280810e-04
-2.608481e+00 1.024648e-03
-2.588962e+00 7.684859e-04
-2.569443e+00 3.842430e-04
-2.549924e+00 6.404049e-04
-2.530405e+00 6.404049e-04
-2.510887e+00 7.684859e-04
-2.491368e+00 5.123240e-04
-2.471849e+00 3.842430e-04
-2.452330e+00 3.842430e-04
-2.432811e+00 5.123240e-04
-2.413292e+00 1.665053e-03
-2.393773e+00 1.408891e-03
-2.374254e+00 8.965669e-04
-2.354735e+00 1.408891e-03
-2.335216e+00 1.793134e-03
-2.315698e+00 2.049296e-03
-2.296179e+00 2.305458e-03
-2.276660e+00 1.793134e-03
-2.257141e+00 3.330106e-03
-2.237622e+00 3.714349e-03
-2.218103e+00 3.970511e-03
-2.198584e+00 3.073944e-03
-2.179065e+00 2.817782e-03
-2.159546e+00 3.842430e-03
-2.140027e+00 3.842430e-03
-2.120509e+00 3.842430e-03
-2.100990e+00 3.970511e-03
-2.081471e+00 5.763644e-03
-2.061952e+00 6.788292e-03
-2.042433e+00 4.098592e-03
-2.022914e+00 6.275968e-03
-2.003395e+00 7.684859e-03
-1.983876e+00 8.197183e-03
-1.964357e+00 7.300616e-03
-1.944838e+00 1.037456e-02
-1.925320e+00 1.075880e-02
-1.905801e+00 1.114305e-02
-1.886282e+00 9.862236e-03
-1.866763e+00 1.216769e-02
-1.847244e+00 1.216769e-02
-1.827725e+00 1.178345e-02
-1.808206e+00 1.319234e-02
-1.788687e+00 1.562588e-02
-1.769168e+00 1.959639e-02
-1.749649e+00 1.844366e-02
-1.730131e+00 2.062104e-02
-1.710612e+00 2.241417e-02
-1.691093e+00 2.228609e-02
-1.671574e+00 2.587236e-02
-1.652055e+00 2.869014e-02
-1.632536e+00 2.984287e-02
-1.613017e+00 2.958671e-02
-1.593498e+00 3.739965e-02
-1.573979e+00 3.752773e-02
-1.554460e+00 3.855238e-02
-1.534942e+00 4.162632e-02
-1.515423e+00 4.521259e-02
-1.495904e+00 4.380370e-02
-1.476385e+00 5.097623e-02
-1.456866e+00 5.187280e-02
-1.437347e+00 5.405018e-02
-1.417828e+00 5.891725e-02
-1.398309e+00 6.071039e-02
-1.378790e+00 6.391241e-02
-1.359271e+00 6.660211e-02
-1.339753e+00 7.646435e-02
-1.320234e+00 8.286840e-02
-1.300715e+00 8.543002e-02
-1.281196e+00 8.824780e-02
-1.261677e+00 9.542034e-02
-1.242158e+00 9.951893e-02
-1.222639e+00 1.098935e-01
-1.203120e+00 1.121989e-01
-1.183601e+00 1.194996e-01
-1.164082e+00 1.273125e-01
-1.144564e+00 1.392240e-01
-1.125045e+00 1.312830e-01
-1.105526e+00 1.502390e-01
-1.086007e+00 1.560026e-01
-1.066488e+00 1.543376e-01
-1.046969e+00 1.715004e-01
-1.027450e+00 1.770079e-01
-1.007931e+00 1.854613e-01
-9.884124e-01 1.934023e-01
-9.688935e-01 2.149199e-01
-9.493746e-01 2.140233e-01
-9.298557e-01 2.278561e-01
-9.103368e-01 2.302896e-01
-8.908179e-01 2.596202e-01
-8.712990e-01 2.638468e-01
-8.517801e-01 2.725563e-01
-8.322612e-01 2.893350e-01
-8.127423e-01 3.029115e-01
-7.932234e-01 3.182813e-01
-7.737045e-01 3.258380e-01
-7.541856e-01 3.349318e-01
-7.346667e-01 3.476118e-01
-7.151478e-01 3.631096e-01
-6.956289e-01 3.675924e-01
-6.761100e-01 3.806567e-01
-6.565911e-01 3.996127e-01
-6.370722e-01 3.925682e-01
-6.175533e-01 4.247166e-01
-5.980344e-01 4.252289e-01
-5.785155e-01 4.471307e-01
-5.589966e-01 4.726188e-01
-5.394777e-01 4.669833e-01
-5.199588e-01 4.956734e-01
-5.004399e-01 5.191122e-01
-4.809210e-01 5.145013e-01
-4.614021e-01 5.289745e-01
-4.418832e-01 5.481866e-01
-4.223643e-01 5.430634e-01
-4.028454e-01 5.666303e-01
-3.833265e-01 5.779014e-01
-3.638076e-01 5.989067e-01
-3.442887e-01 6.059512e-01
-3.247698e-01 6.226017e-01
-3.052509e-01 6.245229e-01
-2.857320e-01 6.480898e-01
-2.662131e-01 6.512918e-01
-2.466942e-01 6.384837e-01
-2.271753e-01 6.589767e-01
-2.076564e-01 6.598733e-01
-1.881375e-01 6.620506e-01
-1.686186e-01 6.690951e-01
-1.490997e-01 6.824155e-01
-1.295808e-01 6.920216e-01
-1.100619e-01 6.857456e-01
-9.054295e-02 6.842086e-01
-7.102405e-02 6.952236e-01
-5.150515e-02 7.043174e-01
-3.198625e-02 7.128988e-01
-1.246735e-02 6.903565e-01
7.051550e-03 6.793416e-01
2.657045e-02 7.052139e-01
4.608935e-02 6.883072e-01
6.560825e-02 6.831840e-01
8.512715e-02 6.763957e-01
1.046460e-01 6.854894e-01
1.241649e-01 6.693512e-01
1.436838e-01 6.675581e-01
1.632027e-01 6.501391e-01
1.827216e-01 6.370748e-01
2.022405e-01 6.437350e-01
2.217594e-01 6.297742e-01
2.412783e-01 6.164538e-01
2.607972e-01 6.113306e-01
2.803161e-01 5.923746e-01
2.998350e-01 5.703446e-01
3.193539e-01 5.707289e-01
3.388728e-01 5.483147e-01
3.583917e-01 5.575365e-01
3.779106e-01 5.340977e-01
3.974295e-01 5.182157e-01
4.169484e-01 4.984912e-01
4.364673e-01 4.888851e-01
4.559862e-01 4.714661e-01
4.755051e-01 4.644217e-01
4.950240e-01 4.295836e-01
5.145429e-01 4.243323e-01
5.340618e-01 4.137016e-01
5.535807e-01 4.006373e-01
5.730996e-01 3.730999e-01
5.926185e-01 3.673363e-01
6.121374e-01 3.438975e-01
6.316563e-01 3.319859e-01
6.511752e-01 3.079067e-01
6.706941e-01 3.032958e-01
6.902130e-01 2.933055e-01
7.097319e-01 2.821624e-01
7.292508e-01 2.646153e-01
7.487697e-01 2.539846e-01
7.682886e-01 2.305458e-01
7.878075e-01 2.204274e-01
8.073264e-01 2.119740e-01
8.268453e-01 1.976290e-01
8.463642e-01 1.844366e-01
8.658831e-01 1.720128e-01
8.854020e-01 1.549780e-01
9.049209e-01 1.513917e-01
9.244398e-01 1.425541e-01
9.439587e-01 1.306426e-01
9.634776e-01 1.216769e-01
9.829965e-01 1.129674e-01
1.002515e+00 1.048983e-01
1.022034e+00 9.836620e-02
1.041553e+00 8.645467e-02
1.061072e+00 8.235608e-02
1.080591e+00 7.505546e-02
1.100110e+00 6.890757e-02
1.119629e+00 6.647403e-02
1.139148e+00 6.416858e-02
1.158667e+00 5.712412e-02
1.178186e+00 5.084815e-02
1.197704e+00 4.521259e-02
1.217223e+00 4.418794e-02
1.236742e+00 3.586268e-02
1.256261e+00 2.997095e-02
1.275780e+00 2.984287e-02
1.295299e+00 2.907438e-02
1.314818e+00 2.471963e-02
1.334337e+00 2.190185e-02
1.353856e+00 2.074912e-02
1.373375e+00 1.754710e-02
1.392893e+00 1.703477e-02
1.412412e+00 1.639437e-02
1.431931e+00 1.472931e-02
1.451450e+00 1.332042e-02
1.470969e+00 1.075880e-02
1.490488e+00 1.037456e-02
1.510007e+00 8.069102e-03
1.529526e+00 5.635563e-03
1.549045e+00 5.891725e-03
1.568564e+00 6.275968e-03
1.588082e+00 5.251321e-03
1.607601e+00 3.073944e-03
1.627120e+00 3.458187e-03
1.646639e+00 2.433539e-03
1.666158e+00 1.793134e-03
1.685677e+00 2.177377e-03
1.705196e+00 2.433539e-03
1.724715e+00 2.945863e-03
1.744234e+00 2.177377e-03
1.763753e+00 1.536972e-03
1.783271e+00 7.684859e-04
1.802790e+00 8.965669e-04
1.822309e+00 8.965669e-04
1.841828e+00 6.404049e-04
1.861347e+00 7.684859e-04
1.880866e+00 3.842430e-04
1.900385e+00 7.684859e-04
1.919904e+00 3.842430e-04
1.939423e+00 2.561620e-04
1.958942e+00 0.000000e+00
1.978460e+00 0.000000e+00
1.997979e+00 1.280810e-04
2.017498e+00 0.000000e+00
2.037017e+00 3.842430e-04
2.056536e+00 1.280810e-04
2.076055e+00 1.280810e-04
2.095574e+00 1.280810e-04
2.115093e+00 2.561620e-04
2.134612e+00 2.561620e-04
2.154131e+00 2.561620e-04
