-2.108668e+00 3.781014e-03
-2.095444e+00 0.000000e+00
-2.082220e+00 0.000000e+00
-2.068996e+00 0.000000e+00
-2.055772e+00 0.000000e+00
-2.042548e+00 0.000000e+00
-2.029324e+00 0.000000e+00
-2.016100e+00 0.000000e+00
-2.002876e+00 0.000000e+00
-1.989652e+00 0.000000e+00
-1.976428e+00 0.000000e+00
-1.963204e+00 0.000000e+00
-1.949980e+00 0.000000e+00
-1.936756e+00 0.000000e+00
-1.923532e+00 0.000000e+00
-1.910309e+00 0.000000e+00
-1.897085e+00 0.000000e+00
-1.883861e+00 0.000000e+00
-1.870637e+00 0.000000e+00
-1.857413e+00 0.000000e+00
-1.844189e+00 0.000000e+00
-1.830965e+00 0.000000e+00
-1.817741e+00 1.890507e-03
-1.804517e+00 0.000000e+00
-1.791293e+00 0.000000e+00
-1.778069e+00 0.000000e+00
-1.764845e+00 0.000000e+00
-1.751621e+00 1.890507e-03
-1.738397e+00 1.890507e-03
-1.725173e+00 0.000000e+00
-1.711949e+00 0.000000e+00
-1.698725e+00 1.890507e-03
-1.685501e+00 3.781014e-03
-1.672277e+00 3.781014e-03
-1.659053e+00 5.671521e-03
-1.645829e+00 1.890507e-03
-1.632605e+00 3.781014e-03
-1.619381e+00 5.671521e-03
-1.606157e+00 7.562028e-03
-1.592933e+00 9.452534e-03
-1.579709e+00 1.323355e-02
-1.566485e+00 3.781014e-03
-1.553261e+00 7.562028e-03
-1.540037e+00 9.452534e-03
-1.526813e+00 9.452534e-03
-1.513590e+00 7.562028e-03
-1.500366e+00 5.671521e-03
-1.487142e+00 9.452534e-03
-1.473918e+00 1.134304e-02
-1.460694e+00 1.512406e-02
-1.447470e+00 1.134304e-02
-1.434246e+00 1.323355e-02
-1.421022e+00 2.457659e-02
-1.407798e+00 1.323355e-02
-1.394574e+00 1.323355e-02
-1.381350e+00 1.701456e-02
-1.368126e+00 1.512406e-02
-1.354902e+00 3.024811e-02
-1.341678e+00 2.646710e-02
-1.328454e+00 2.457659e-02
-1.315230e+00 2.457659e-02
-1.302006e+00 3.591963e-02
-1.288782e+00 2.268608e-02
-1.275558e+00 1.323355e-02
-1.262334e+00 3.213862e-02
-1.249110e+00 2.835760e-02
-1.235886e+00 3.591963e-02
-1.222662e+00 3.402912e-02
-1.209438e+00 3.970064e-02
-1.196214e+00 3.402912e-02
-1.182990e+00 6.238673e-02
-1.169766e+00 5.482470e-02
-1.156542e+00 5.671521e-02
-1.143318e+00 5.860571e-02
-1.130094e+00 4.348166e-02
-1.116871e+00 6.238673e-02
-1.103647e+00 8.885382e-02
-1.090423e+00 6.805825e-02
-1.077199e+00 8.507281e-02
-1.063975e+00 9.263484e-02
-1.050751e+00 5.671521e-02
-1.037527e+00 1.096494e-01
-1.024303e+00 1.115399e-01
-1.011079e+00 8.885382e-02
-9.978548e-01 9.263484e-02
-9.846309e-01 1.077589e-01
-9.714069e-01 1.058684e-01
-9.581829e-01 1.096494e-01
-9.449589e-01 1.398975e-01
-9.317350e-01 1.172114e-01
-9.185110e-01 1.266640e-01
-9.052871e-01 1.833792e-01
-8.920631e-01 1.625836e-01
-8.788391e-01 1.909412e-01
-8.656151e-01 1.588026e-01
-8.523912e-01 2.230798e-01
-8.391672e-01 1.606931e-01
-8.259433e-01 2.117368e-01
-8.127193e-01 2.476564e-01
-7.994953e-01 2.514374e-01
-7.862714e-01 2.211893e-01
-7.730474e-01 2.192988e-01
-7.598234e-01 2.382039e-01
-7.465994e-01 2.930286e-01
-7.333755e-01 2.987001e-01
-7.201515e-01 2.987001e-01
-7.069276e-01 2.930286e-01
-6.937036e-01 2.816855e-01
-6.804796e-01 2.968096e-01
-6.672556e-01 3.270577e-01
-6.540317e-01 2.741235e-01
-6.408077e-01 3.818824e-01
-6.275838e-01 3.781014e-01
-6.143598e-01 4.064590e-01
-6.011358e-01 3.988970e-01
-5.879119e-01 4.367071e-01
-5.746879e-01 4.007875e-01
-5.614639e-01 4.007875e-01
-5.482400e-01 4.537217e-01
-5.350160e-01 4.461596e-01
-5.217920e-01 4.196925e-01
-5.085681e-01 5.085464e-01
-4.953441e-01 5.142179e-01
-4.821201e-01 5.179989e-01
-4.688962e-01 6.125242e-01
-4.556722e-01 4.896413e-01
-4.424482e-01 5.236704e-01
-4.292243e-01 5.709331e-01
-4.160003e-01 5.576995e-01
-4.027763e-01 5.576995e-01
-3.895523e-01 6.049622e-01
-3.763284e-01 6.181958e-01
-3.631044e-01 6.200863e-01
-3.498805e-01 6.144147e-01
-3.366565e-01 5.992907e-01
-3.234325e-01 6.616774e-01
-3.102086e-01 6.257578e-01
-2.969846e-01 6.446628e-01
-2.837606e-01 6.938160e-01
-2.705367e-01 6.786920e-01
-2.573127e-01 6.749110e-01
-2.440887e-01 7.505312e-01
-2.308648e-01 7.051591e-01
-2.176408e-01 7.183926e-01
-2.044168e-01 7.372977e-01
-1.911929e-01 8.129180e-01
-1.779689e-01 7.372977e-01
-1.647449e-01 7.864509e-01
-1.515210e-01 7.769983e-01
-1.382970e-01 7.599838e-01
-1.250730e-01 8.148085e-01
-1.118491e-01 7.751078e-01
-9.862508e-02 8.356040e-01
-8.540112e-02 7.959034e-01
-7.217715e-02 7.524217e-01
-5.895318e-02 8.299325e-01
-4.572922e-02 7.864509e-01
-3.250525e-02 7.505312e-01
-1.928128e-02 7.372977e-01
-6.057317e-03 7.788888e-01
7.166650e-03 7.675458e-01
2.039062e-02 7.883414e-01
3.361458e-02 7.807793e-01
4.683855e-02 8.166990e-01
6.006252e-02 8.261515e-01
7.328648e-02 7.467502e-01
8.651045e-02 8.185895e-01
9.973442e-02 7.335167e-01
1.129584e-01 7.580933e-01
1.261823e-01 7.316262e-01
1.394063e-01 7.278451e-01
1.526303e-01 7.637648e-01
1.658542e-01 6.786920e-01
1.790782e-01 7.486407e-01
1.923022e-01 7.051591e-01
2.055261e-01 7.316262e-01
2.187501e-01 7.580933e-01
2.319741e-01 7.240641e-01
2.451980e-01 7.788888e-01
2.584220e-01 6.522249e-01
2.716460e-01 7.580933e-01
2.848699e-01 6.881445e-01
2.980939e-01 6.503344e-01
3.113179e-01 6.163052e-01
3.245418e-01 6.824730e-01
3.377658e-01 6.824730e-01
3.509898e-01 6.314293e-01
3.642137e-01 5.917287e-01
3.774377e-01 5.936192e-01
3.906617e-01 5.803856e-01
4.038856e-01 6.030717e-01
4.171096e-01 5.955097e-01
4.303336e-01 5.766046e-01
4.435575e-01 5.123274e-01
4.567815e-01 5.331229e-01
4.700055e-01 5.009843e-01
4.832294e-01 5.406850e-01
4.964534e-01 4.291451e-01
5.096774e-01 4.820793e-01
5.229013e-01 4.877508e-01
5.361253e-01 4.480501e-01
5.493493e-01 4.612837e-01
5.625732e-01 3.837729e-01
5.757972e-01 4.026780e-01
5.890212e-01 3.478533e-01
6.022451e-01 3.781014e-01
6.154691e-01 4.367071e-01
6.286931e-01 3.138241e-01
6.419170e-01 3.535248e-01
6.551410e-01 3.762109e-01
6.683650e-01 3.270577e-01
6.815889e-01 2.741235e-01
6.948129e-01 3.251672e-01
7.080369e-01 2.930286e-01
7.212608e-01 2.476564e-01
7.344848e-01 2.835760e-01
7.477088e-01 2.665615e-01
7.609327e-01 2.306418e-01
7.741567e-01 2.060653e-01
7.873807e-01 2.136273e-01
8.006046e-01 2.287513e-01
8.138286e-01 2.174083e-01
8.270526e-01 1.966127e-01
8.402765e-01 1.890507e-01
8.535005e-01 1.966127e-01
8.667245e-01 1.588026e-01
8.799484e-01 1.739266e-01
8.931724e-01 1.852697e-01
9.063964e-01 1.531311e-01
9.196203e-01 1.625836e-01
9.328443e-01 1.550216e-01
9.460683e-01 1.191019e-01
9.592922e-01 1.304450e-01
9.725162e-01 1.398975e-01
9.857402e-01 1.096494e-01
9.989641e-01 1.134304e-01
1.012188e+00 9.641585e-02
1.025412e+00 1.134304e-01
1.038636e+00 9.641585e-02
1.051860e+00 7.751078e-02
1.065084e+00 9.263484e-02
1.078308e+00 8.318230e-02
1.091532e+00 6.049622e-02
1.104756e+00 6.238673e-02
1.117980e+00 9.263484e-02
1.131204e+00 5.671521e-02
1.144428e+00 4.159115e-02
1.157652e+00 4.348166e-02
1.170876e+00 5.860571e-02
1.184100e+00 4.915318e-02
1.197324e+00 3.591963e-02
1.210548e+00 6.238673e-02
1.223772e+00 3.024811e-02
1.236996e+00 3.781014e-02
1.250220e+00 4.537217e-02
1.263443e+00 2.835760e-02
1.276667e+00 3.213862e-02
1.289891e+00 2.646710e-02
1.303115e+00 2.646710e-02
1.316339e+00 3.024811e-02
1.329563e+00 2.079558e-02
1.342787e+00 1.701456e-02
1.356011e+00 1.701456e-02
1.369235e+00 1.134304e-02
1.382459e+00 1.134304e-02
1.395683e+00 1.512406e-02
1.408907e+00 1.323355e-02
1.422131e+00 1.701456e-02
1.435355e+00 1.134304e-02
1.448579e+00 2.268608e-02
1.461803e+00 1.134304e-02
1.475027e+00 1.323355e-02
1.488251e+00 7.562028e-03
1.501475e+00 7.562028e-03
1.514699e+00 7.562028e-03
1.527923e+00 3.781014e-03
1.541147e+00 9.452534e-03
1.554371e+00 3.781014e-03
1.567595e+00 9.452534e-03
1.580819e+00 5.671521e-03
1.594043e+00 5.671521e-03
1.607267e+00 9.452534e-03
1.620491e+00 7.562028e-03
1.633715e+00 1.890507e-03
1.646939e+00 5.671521e-03
1.660162e+00 1.890507e-03
1.673386e+00 5.671521e-03
1.686610e+00 1.890507e-03
1.699834e+00 5.671521e-03
1.713058e+00 3.781014e-03
1.726282e+00 5.671521e-03
1.739506e+00 5.671521e-03
1.752730e+00 1.890507e-03
1.765954e+00 0.000000e+00
1.779178e+00 1.890507e-03
1.792402e+00 3.781014e-03
1.805626e+00 0.000000e+00
1.818850e+00 0.000000e+00
1.832074e+00 0.000000e+00
1.845298e+00 1.890507e-03
