-3.629635e+00 1.069770e-04
-3.606266e+00 0.000000e+00
-3.582896e+00 0.000000e+00
-3.559527e+00 0.000000e+00
-3.536157e+00 0.000000e+00
-3.512788e+00 1.069770e-04
-3.489418e+00 0.000000e+00
-3.466049e+00 0.000000e+00
-3.442679e+00 0.000000e+00
-3.419310e+00 1.069770e-04
-3.395940e+00 0.000000e+00
-3.372571e+00 0.000000e+00
-3.349201e+00 0.000000e+00
-3.325832e+00 0.000000e+00
-3.302462e+00 1.069770e-04
-3.279093e+00 0.000000e+00
-3.255723e+00 2.139541e-04
-3.232354e+00 0.000000e+00
-3.208984e+00 3.209311e-04
-3.185615e+00 0.000000e+00
-3.162245e+00 3.209311e-04
-3.138876e+00 0.000000e+00
-3.115506e+00 1.069770e-04
-3.092137e+00 2.139541e-04
-3.068767e+00 4.279082e-04
-3.045398e+00 0.000000e+00
-3.022028e+00 2.139541e-04
-2.998659e+00 1.069770e-04
-2.975289e+00 3.209311e-04
-2.951920e+00 3.209311e-04
-2.928550e+00 2.139541e-04
-2.905181e+00 1.069770e-04
-2.881811e+00 3.209311e-04
-2.858442e+00 1.069770e-04
-2.835072e+00 3.209311e-04
-2.811703e+00 6.418623e-04
-2.788333e+00 1.069770e-03
-2.764964e+00 8.558163e-04
-2.741594e+00 8.558163e-04
-2.718225e+00 9.627934e-04
-2.694855e+00 8.558163e-04
-2.671486e+00 1.176747e-03
-2.648116e+00 1.390702e-03
-2.624747e+00 1.069770e-03
-2.601377e+00 1.925587e-03
-2.578008e+00 1.818610e-03
-2.554638e+00 1.390702e-03
-2.531269e+00 2.460472e-03
-2.507899e+00 2.781403e-03
-2.484530e+00 3.102334e-03
-2.461160e+00 2.781403e-03
-2.437791e+00 3.851174e-03
-2.414421e+00 3.530242e-03
-2.391052e+00 3.637219e-03
-2.367682e+00 3.102334e-03
-2.344313e+00 4.172105e-03
-2.320943e+00 5.241875e-03
-2.297574e+00 6.846531e-03
-2.274204e+00 6.311646e-03
-2.250835e+00 6.632577e-03
-2.227465e+00 5.669783e-03
-2.204096e+00 8.558163e-03
-2.180726e+00 7.702347e-03
-2.157357e+00 8.237232e-03
-2.133987e+00 8.558163e-03
-2.110618e+00 1.037677e-02
-2.087248e+00 1.069770e-02
-2.063879e+00 1.486981e-02
-2.040509e+00 1.294422e-02
-2.017140e+00 1.743726e-02
-1.993770e+00 1.626051e-02
-1.970401e+00 1.743726e-02
-1.947031e+00 1.658144e-02
-1.923662e+00 2.278611e-02
-1.900292e+00 2.300006e-02
-1.876923e+00 2.642333e-02
-1.853553e+00 2.492565e-02
-1.830184e+00 2.834892e-02
-1.806814e+00 2.856287e-02
-1.783445e+00 3.262800e-02
-1.760075e+00 3.680010e-02
-1.736706e+00 3.733499e-02
-1.713336e+00 4.193500e-02
-1.689967e+00 4.054430e-02
-1.666597e+00 4.632106e-02
-1.643228e+00 5.166991e-02
-1.619858e+00 5.648388e-02
-1.596489e+00 5.594899e-02
-1.573119e+00 6.707461e-02
-1.549750e+00 6.472111e-02
-1.526380e+00 7.060485e-02
-1.503011e+00 7.210253e-02
-1.479641e+00 7.745138e-02
-1.456272e+00 8.515373e-02
-1.432902e+00 8.493977e-02
-1.409533e+00 9.381887e-02
-1.386163e+00 1.020561e-01
-1.362794e+00 1.079398e-01
-1.339424e+00 1.113631e-01
-1.316055e+00 1.178887e-01
-1.292685e+00 1.219538e-01
-1.269316e+00 1.313678e-01
-1.245946e+00 1.384283e-01
-1.222577e+00 1.387492e-01
-1.199207e+00 1.500888e-01
-1.175838e+00 1.516934e-01
-1.152468e+00 1.606795e-01
-1.129099e+00 1.705214e-01
-1.105729e+00 1.858191e-01
-1.082360e+00 1.881726e-01
-1.058990e+00 1.956610e-01
-1.035621e+00 2.003680e-01
-1.012251e+00 2.093541e-01
-9.888818e-01 2.248657e-01
-9.655123e-01 2.353495e-01
-9.421428e-01 2.457263e-01
-9.187733e-01 2.542844e-01
-8.954038e-01 2.650891e-01
-8.720343e-01 2.798519e-01
-8.486648e-01 2.678705e-01
-8.252953e-01 2.998567e-01
-8.019258e-01 3.047776e-01
-7.785563e-01 2.955776e-01
-7.551868e-01 3.251032e-01
-7.318173e-01 3.241404e-01
-7.084478e-01 3.569824e-01
-6.850783e-01 3.564475e-01
-6.617088e-01 3.684289e-01
-6.383393e-01 3.701406e-01
-6.149698e-01 3.850104e-01
-5.916003e-01 3.835127e-01
-5.682308e-01 3.910011e-01
-5.448613e-01 3.944244e-01
-5.214918e-01 4.123965e-01
-4.981223e-01 4.285500e-01
-4.747528e-01 4.300477e-01
-4.513833e-01 4.366803e-01
-4.280138e-01 4.520850e-01
-4.046443e-01 4.600013e-01
-3.812748e-01 4.544385e-01
-3.579053e-01 4.640664e-01
-3.345358e-01 4.720897e-01
-3.111663e-01 4.816106e-01
-2.877968e-01 4.936991e-01
-2.644273e-01 5.009735e-01
-2.410578e-01 5.016154e-01
-2.176883e-01 4.902758e-01
-1.943188e-01 5.144526e-01
-1.709493e-01 5.127410e-01
-1.475798e-01 5.117782e-01
-1.242103e-01 5.085689e-01
-1.008408e-01 5.080340e-01
-7.747125e-02 5.190526e-01
-5.410175e-02 5.224759e-01
-3.073225e-02 5.288945e-01
-7.362750e-03 5.224759e-01
1.600675e-02 5.219410e-01
3.937625e-02 5.288945e-01
6.274575e-02 5.078200e-01
8.611525e-02 5.127410e-01
1.094847e-01 5.055735e-01
1.328542e-01 5.225829e-01
1.562237e-01 5.094247e-01
1.795932e-01 5.196945e-01
2.029627e-01 5.010805e-01
2.263322e-01 4.970153e-01
2.497017e-01 4.917735e-01
2.730712e-01 4.887781e-01
2.964407e-01 4.868525e-01
3.198102e-01 4.822525e-01
3.431797e-01 4.642804e-01
3.665492e-01 4.640664e-01
3.899187e-01 4.659920e-01
4.132882e-01 4.515501e-01
4.366577e-01 4.453454e-01
4.600272e-01 4.381780e-01
4.833967e-01 4.349687e-01
5.067662e-01 4.125035e-01
5.301357e-01 4.285500e-01
5.535052e-01 4.230942e-01
5.768747e-01 4.068337e-01
6.002442e-01 3.875778e-01
6.236137e-01 3.675731e-01
6.469832e-01 3.559126e-01
6.703527e-01 3.627592e-01
6.937222e-01 3.470335e-01
7.170917e-01 3.380475e-01
7.404612e-01 3.228567e-01
7.638307e-01 3.274567e-01
7.872002e-01 3.122660e-01
8.105697e-01 2.976101e-01
8.339392e-01 2.846659e-01
8.573087e-01 2.845589e-01
8.806782e-01 2.787822e-01
9.040477e-01 2.642333e-01
9.274172e-01 2.593124e-01
9.507867e-01 2.450844e-01
9.741562e-01 2.322472e-01
9.975257e-01 2.308565e-01
1.020895e+00 2.167355e-01
1.044265e+00 2.071076e-01
1.067634e+00 1.934145e-01
1.091004e+00 1.900982e-01
1.114373e+00 1.774749e-01
1.137743e+00 1.766191e-01
1.161112e+00 1.632470e-01
1.184482e+00 1.575772e-01
1.207851e+00 1.475213e-01
1.231221e+00 1.507307e-01
1.254590e+00 1.376795e-01
1.277960e+00 1.284794e-01
1.301329e+00 1.178887e-01
1.324699e+00 1.140375e-01
1.348068e+00 1.070840e-01
1.371438e+00 1.028049e-01
1.394807e+00 9.467468e-02
1.418177e+00 8.932583e-02
1.441546e+00 8.440489e-02
1.464916e+00 7.969790e-02
1.488285e+00 7.894906e-02
1.511655e+00 7.573975e-02
1.535024e+00 6.482809e-02
1.558394e+00 6.621879e-02
1.581763e+00 5.744667e-02
1.605133e+00 5.691179e-02
1.628502e+00 5.434434e-02
1.651872e+00 5.017223e-02
1.675241e+00 4.632106e-02
1.698611e+00 4.621408e-02
1.721980e+00 3.754894e-02
1.745350e+00 3.926057e-02
1.768719e+00 3.380475e-02
1.792089e+00 3.294893e-02
1.815458e+00 3.359079e-02
1.838828e+00 2.802799e-02
1.862197e+00 2.674426e-02
1.885567e+00 2.439077e-02
1.908936e+00 2.353495e-02
1.932306e+00 1.968378e-02
1.955675e+00 1.743726e-02
1.979045e+00 1.775819e-02
2.002414e+00 1.722330e-02
2.025784e+00 1.540469e-02
2.049153e+00 1.529772e-02
2.072523e+00 1.026980e-02
2.095892e+00 1.273027e-02
2.119262e+00 9.841888e-03
2.142631e+00 7.702347e-03
2.166001e+00 9.734911e-03
2.189370e+00 5.562806e-03
2.212740e+00 5.134898e-03
2.236109e+00 7.488393e-03
2.259479e+00 6.739554e-03
2.282848e+00 5.990714e-03
2.306218e+00 3.851174e-03
2.329587e+00 5.134898e-03
2.352957e+00 2.995357e-03
2.376326e+00 3.316288e-03
2.399696e+00 4.386059e-03
2.423065e+00 3.316288e-03
2.446435e+00 2.139541e-03
2.469804e+00 2.139541e-03
2.493174e+00 2.032564e-03
2.516543e+00 1.925587e-03
2.539913e+00 2.032564e-03
2.563282e+00 1.604656e-03
2.586652e+00 1.604656e-03
2.610021e+00 1.069770e-03
2.633391e+00 7.488393e-04
2.656760e+00 7.488393e-04
2.680130e+00 7.488393e-04
2.703499e+00 4.279082e-04
2.726869e+00 6.418623e-04
2.750238e+00 7.488393e-04
2.773608e+00 9.627934e-04
2.796977e+00 6.418623e-04
2.820347e+00 7.488393e-04
2.843716e+00 3.209311e-04
2.867086e+00 1.069770e-03
2.890455e+00 4.279082e-04
2.913825e+00 2.139541e-04
2.937194e+00 2.139541e-04
2.960564e+00 1.069770e-04
2.983933e+00 2.139541e-04
3.007303e+00 1.069770e-04
3.030672e+00 1.069770e-04
3.054042e+00 1.069770e-04
3.077411e+00 0.000000e+00
3.100781e+00 0.000000e+00
3.124150e+00 1.069770e-04
3.147520e+00 1.069770e-04
3.170889e+00 1.069770e-04
3.194259e+00 0.000000e+00
3.217628e+00 0.000000e+00
3.240998e+00 1.069770e-04
3.264367e+00 0.000000e+00
3.287737e+00 0.000000e+00
3.311106e+00 0.000000e+00
3.334476e+00 1.069770e-04
3.357845e+00 2.139541e-04
