0 0.159256
0.01 0.159266
0.02 0.159264
0.03 0.159248
0.04 0.15922
0.05 0.15918
0.06 0.159126
0.07 0.15906
0.08 0.158981
0.09 0.15889
0.1 0.158785
0.11 0.158669
0.12 0.158539
0.13 0.158397
0.14 0.158242
0.15 0.158075
0.16 0.157895
0.17 0.157703
0.18 0.157498
0.19 0.15728
0.2 0.157051
0.21 0.156808
0.22 0.156553
0.23 0.156286
0.24 0.156007
0.25 0.155715
0.26 0.15541
0.27 0.155094
0.28 0.154765
0.29 0.154424
0.3 0.15407
0.31 0.153705
0.32 0.153327
0.33 0.152938
0.34 0.152536
0.35 0.152122
0.36 0.151697
0.37 0.151259
0.38 0.15081
0.39 0.150348
0.4 0.149875
0.41 0.14939
0.42 0.148894
0.43 0.148385
0.44 0.147866
0.45 0.147334
0.46 0.146791
0.47 0.146237
0.48 0.145671
0.49 0.145094
0.5 0.144506
0.51 0.143907
0.52 0.143296
0.53 0.142674
0.54 0.142041
0.55 0.141397
0.56 0.140743
0.57 0.140077
0.58 0.139401
0.59 0.138713
0.6 0.138016
0.61 0.137307
0.62 0.136588
0.63 0.135859
0.64 0.135119
0.65 0.134369
0.66 0.133609
0.67 0.132838
0.68 0.132058
0.69 0.131267
0.7 0.130466
0.71 0.129656
0.72 0.128836
0.73 0.128006
0.74 0.127166
0.75 0.126317
0.76 0.125458
0.77 0.12459
0.78 0.123713
0.79 0.122826
0.8 0.121931
0.81 0.121026
0.82 0.120112
0.83 0.119189
0.84 0.118258
0.85 0.117318
0.86 0.116369
0.87 0.115412
0.88 0.114446
0.89 0.113472
0.9 0.11249
0.91 0.111499
0.92 0.110501
0.93 0.109494
0.94 0.10848
0.95 0.107458
0.96 0.106428
0.97 0.10539
0.98 0.104345
0.99 0.103293
1 0.102234
1.01 0.101167
1.02 0.100093
1.03 0.0990123
1.04 0.0979246
1.05 0.0968303
1.06 0.0957292
1.07 0.0946216
1.08 0.0935076
1.09 0.0923872
1.1 0.0912606
1.11 0.0901278
1.12 0.0889891
1.13 0.0878444
1.14 0.0866939
1.15 0.0855377
1.16 0.084376
1.17 0.0832088
1.18 0.0820362
1.19 0.0808584
1.2 0.0796754
1.21 0.0784874
1.22 0.0772945
1.23 0.0760968
1.24 0.0748944
1.25 0.0736875
1.26 0.0724761
1.27 0.0712603
1.28 0.0700403
1.29 0.0688162
1.3 0.0675882
1.31 0.0663562
1.32 0.0651205
1.33 0.0638811
1.34 0.0626382
1.35 0.0613919
1.36 0.0601423
1.37 0.0588896
1.38 0.0576337
1.39 0.056375
1.4 0.0551134
1.41 0.0538492
1.42 0.0525824
1.43 0.0513131
1.44 0.0500414
1.45 0.0487676
1.46 0.0474917
1.47 0.0462138
1.48 0.044934
1.49 0.0436525
1.5 0.0423694
1.51 0.0410849
1.52 0.0397989
1.53 0.0385117
1.54 0.0372234
1.55 0.035934
1.56 0.0346438
1.57 0.0333528
1.58 0.0320612
1.59 0.0307691
1.6 0.0294766
1.61 0.0281837
1.62 0.0268908
1.63 0.0255978
1.64 0.0243049
1.65 0.0230122
1.66 0.0217198
1.67 0.0204279
1.68 0.0191365
1.69 0.0178459
1.7 0.0165561
1.71 0.0152672
1.72 0.0139793
1.73 0.0126927
1.74 0.0114073
1.75 0.0101234
1.76 0.008841
1.77 0.00756028
1.78 0.00628133
1.79 0.00500429
1.8 0.00372928
1.81 0.0024564
1.82 0.00118579
1.83 -8.24404e-05
1.84 -0.00134817
1.85 -0.00261129
1.86 -0.00387166
1.87 -0.00512919
1.88 -0.00638374
1.89 -0.0076352
1.9 -0.00888346
1.91 -0.0101284
1.92 -0.0113699
1.93 -0.0126078
1.94 -0.0138421
1.95 -0.0150726
1.96 -0.0162992
1.97 -0.0175218
1.98 -0.0187403
1.99 -0.0199545
2 -0.0211643
2.01 -0.0223698
2.02 -0.0235706
2.03 -0.0247667
2.04 -0.0259581
2.05 -0.0271445
2.06 -0.028326
2.07 -0.0295023
2.08 -0.0306734
2.09 -0.0318391
2.1 -0.0329994
2.11 -0.0341541
2.12 -0.0353031
2.13 -0.0364464
2.14 -0.0375838
2.15 -0.0387152
2.16 -0.0398405
2.17 -0.0409597
2.18 -0.0420725
2.19 -0.0431789
2.2 -0.0442788
2.21 -0.0453721
2.22 -0.0464587
2.23 -0.0475385
2.24 -0.0486114
2.25 -0.0496773
2.26 -0.050736
2.27 -0.0517875
2.28 -0.0528318
2.29 -0.0538686
2.3 -0.0548979
2.31 -0.0559196
2.32 -0.0569336
2.33 -0.0579398
2.34 -0.0589382
2.35 -0.0599285
2.36 -0.0609108
2.37 -0.0618849
2.38 -0.0628508
2.39 -0.0638083
2.4 -0.0647574
2.41 -0.0656979
2.42 -0.0666299
2.43 -0.0675531
2.44 -0.0684676
2.45 -0.0693732
2.46 -0.0702698
2.47 -0.0711574
2.48 -0.0720359
2.49 -0.0729051
2.5 -0.0737651
2.51 -0.0746157
2.52 -0.0754569
2.53 -0.0762885
2.54 -0.0771105
2.55 -0.0779229
2.56 -0.0787255
2.57 -0.0795182
2.58 -0.0803011
2.59 -0.081074
2.6 -0.0818368
2.61 -0.0825895
2.62 -0.0833319
2.63 -0.0840642
2.64 -0.0847861
2.65 -0.0854976
2.66 -0.0861986
2.67 -0.0868891
2.68 -0.087569
2.69 -0.0882382
2.7 -0.0888967
2.71 -0.0895444
2.72 -0.0901812
2.73 -0.0908072
2.74 -0.0914221
2.75 -0.0920261
2.76 -0.0926189
2.77 -0.0932006
2.78 -0.0937711
2.79 -0.0943304
2.8 -0.0948783
2.81 -0.0954149
2.82 -0.0959401
2.83 -0.0964539
2.84 -0.0969561
2.85 -0.0974467
2.86 -0.0979258
2.87 -0.0983932
2.88 -0.0988489
2.89 -0.0992929
2.9 -0.0997251
2.91 -0.100145
2.92 -0.100554
2.93 -0.100951
2.94 -0.101335
2.95 -0.101708
2.96 -0.102069
2.97 -0.102417
2.98 -0.102754
2.99 -0.103078
3 -0.10339
3.01 -0.10369
3.02 -0.103978
3.03 -0.104254
3.04 -0.104517
3.05 -0.104768
3.06 -0.105007
3.07 -0.105233
3.08 -0.105447
3.09 -0.105649
3.1 -0.105838
3.11 -0.106015
3.12 -0.106179
3.13 -0.106331
3.14 -0.10647
3.15 -0.106597
3.16 -0.106711
3.17 -0.106813
3.18 -0.106902
3.19 -0.106979
3.2 -0.107043
3.21 -0.107095
3.22 -0.107133
3.23 -0.10716
3.24 -0.107173
3.25 -0.107175
3.26 -0.107163
3.27 -0.107139
3.28 -0.107102
3.29 -0.107053
3.3 -0.106991
3.31 -0.106917
3.32 -0.10683
3.33 -0.10673
3.34 -0.106618
3.35 -0.106493
3.36 -0.106355
3.37 -0.106205
3.38 -0.106043
3.39 -0.105868
3.4 -0.10568
3.41 -0.10548
3.42 -0.105268
3.43 -0.105043
3.44 -0.104806
3.45 -0.104556
3.46 -0.104294
3.47 -0.104019
3.48 -0.103732
3.49 -0.103433
3.5 -0.103121
3.51 -0.102797
3.52 -0.102461
3.53 -0.102113
3.54 -0.101753
3.55 -0.10138
3.56 -0.100995
3.57 -0.100599
3.58 -0.10019
3.59 -0.099769
3.6 -0.0993363
3.61 -0.0988916
3.62 -0.098435
3.63 -0.0979666
3.64 -0.0974864
3.65 -0.0969945
3.66 -0.0964908
3.67 -0.0959755
3.68 -0.0954486
3.69 -0.0949101
3.7 -0.0943601
3.71 -0.0937987
3.72 -0.0932258
3.73 -0.0926416
3.74 -0.0920461
3.75 -0.0914393
3.76 -0.0908214
3.77 -0.0901924
3.78 -0.0895523
3.79 -0.0889011
3.8 -0.0882391
3.81 -0.0875661
3.82 -0.0868824
3.83 -0.0861879
3.84 -0.0854827
3.85 -0.0847669
3.86 -0.0840405
3.87 -0.0833037
3.88 -0.0825564
3.89 -0.0817988
3.9 -0.081031
3.91 -0.0802529
3.92 -0.0794648
3.93 -0.0786665
3.94 -0.0778583
3.95 -0.0770403
3.96 -0.0762124
3.97 -0.0753747
3.98 -0.0745275
3.99 -0.0736706
4 -0.0728042
4.01 -0.0719285
4.02 -0.0710434
4.03 -0.070149
4.04 -0.0692455
4.05 -0.068333
4.06 -0.0674114
4.07 -0.066481
4.08 -0.0655417
4.09 -0.0645937
4.1 -0.0636371
4.11 -0.062672
4.12 -0.0616984
4.13 -0.0607165
4.14 -0.0597263
4.15 -0.0587279
4.16 -0.0577215
4.17 -0.056707
4.18 -0.0556848
4.19 -0.0546547
4.2 -0.0536169
4.21 -0.0525716
4.22 -0.0515188
4.23 -0.0504586
4.24 -0.0493911
4.25 -0.0483164
4.26 -0.0472347
4.27 -0.046146
4.28 -0.0450504
4.29 -0.043948
4.3 -0.042839
4.31 -0.0417234
4.32 -0.0406014
4.33 -0.039473
4.34 -0.0383384
4.35 -0.0371977
4.36 -0.0360509
4.37 -0.0348982
4.38 -0.0337398
4.39 -0.0325756
4.4 -0.0314059
4.41 -0.0302307
4.42 -0.0290502
4.43 -0.0278644
4.44 -0.0266735
4.45 -0.0254776
4.46 -0.0242768
4.47 -0.0230712
4.48 -0.0218609
4.49 -0.0206461
4.5 -0.0194269
4.51 -0.0182033
4.52 -0.0169755
4.53 -0.0157437
4.54 -0.0145079
4.55 -0.0132683
4.56 -0.0120249
4.57 -0.0107779
4.58 -0.00952748
4.59 -0.00827366
4.6 -0.0070166
4.61 -0.00575641
4.62 -0.00449321
4.63 -0.00322714
4.64 -0.0019583
4.65 -0.000686829
4.66 0.000587163
4.67 0.00186355
4.68 0.00314221
4.69 0.00442302
4.7 0.00570585
4.71 0.0069906
4.72 0.00827712
4.73 0.0095653
4.74 0.010855
4.75 0.0121462
4.76 0.0134386
4.77 0.0147322
4.78 0.0160268
4.79 0.0173223
4.8 0.0186187
4.81 0.0199157
4.82 0.0212133
4.83 0.0225113
4.84 0.0238096
4.85 0.025108
4.86 0.0264066
4.87 0.027705
4.88 0.0290033
4.89 0.0303012
4.9 0.0315987
4.91 0.0328957
4.92 0.0341919
4.93 0.0354874
4.94 0.0367819
4.95 0.0380753
4.96 0.0393676
4.97 0.0406586
4.98 0.0419481
4.99 0.0432361
5 0.0445225
5.01 0.045807
5.02 0.0470896
5.03 0.0483702
5.04 0.0496487
5.05 0.0509248
5.06 0.0521986
5.07 0.0534698
5.08 0.0547384
5.09 0.0560042
5.1 0.0572671
5.11 0.0585271
5.12 0.0597839
5.13 0.0610374
5.14 0.0622876
5.15 0.0635344
5.16 0.0647775
5.17 0.0660169
5.18 0.0672524
5.19 0.0684841
5.2 0.0697116
5.21 0.0709349
5.22 0.072154
5.23 0.0733686
5.24 0.0745787
5.25 0.0757841
5.26 0.0769847
5.27 0.0781805
5.28 0.0793713
5.29 0.0805569
5.3 0.0817374
5.31 0.0829124
5.32 0.0840821
5.33 0.0852462
5.34 0.0864046
5.35 0.0875572
5.36 0.088704
5.37 0.0898447
5.38 0.0909793
5.39 0.0921077
5.4 0.0932298
5.41 0.0943454
5.42 0.0954545
5.43 0.096557
5.44 0.0976527
5.45 0.0987415
5.46 0.0998234
5.47 0.100898
5.48 0.101966
5.49 0.103026
5.5 0.104079
5.51 0.105125
5.52 0.106163
5.53 0.107193
5.54 0.108216
5.55 0.10923
5.56 0.110237
5.57 0.111235
5.58 0.112226
5.59 0.113208
5.6 0.114182
5.61 0.115147
5.62 0.116104
5.63 0.117053
5.64 0.117992
5.65 0.118923
5.66 0.119845
5.67 0.120758
5.68 0.121662
5.69 0.122556
5.7 0.123442
5.71 0.124318
5.72 0.125185
5.73 0.126042
5.74 0.12689
5.75 0.127728
5.76 0.128556
5.77 0.129375
5.78 0.130183
5.79 0.130982
5.8 0.131771
5.81 0.132549
5.82 0.133318
5.83 0.134076
5.84 0.134824
5.85 0.135561
5.86 0.136288
5.87 0.137005
5.88 0.137711
5.89 0.138406
5.9 0.13909
5.91 0.139764
5.92 0.140427
5.93 0.141079
5.94 0.14172
5.95 0.14235
5.96 0.142969
5.97 0.143576
5.98 0.144173
5.99 0.144758
6 0.145332
6.01 0.145894
6.02 0.146446
6.03 0.146985
6.04 0.147513
6.05 0.14803
6.06 0.148535
6.07 0.149028
6.08 0.149509
6.09 0.149979
6.1 0.150437
6.11 0.150883
6.12 0.151317
6.13 0.15174
6.14 0.15215
6.15 0.152548
6.16 0.152934
6.17 0.153309
6.18 0.153671
6.19 0.154021
6.2 0.154358
6.21 0.154684
6.22 0.154997
6.23 0.155298
6.24 0.155587
6.25 0.155863
6.26 0.156127
6.27 0.156379
6.28 0.156618
6.29 0.156845
6.3 0.157059
6.31 0.157261
6.32 0.157451
6.33 0.157628
6.34 0.157792
6.35 0.157944
6.36 0.158084
6.37 0.158211
6.38 0.158325
6.39 0.158427
6.4 0.158516
6.41 0.158592
6.42 0.158656
6.43 0.158708
6.44 0.158747
6.45 0.158773
6.46 0.158786
6.47 0.158787
6.48 0.158776
6.49 0.158752
6.5 0.158715
6.51 0.158665
6.52 0.158604
6.53 0.158529
6.54 0.158442
6.55 0.158342
6.56 0.15823
6.57 0.158105
6.58 0.157968
6.59 0.157818
6.6 0.157656
6.61 0.157481
6.62 0.157294
6.63 0.157094
6.64 0.156882
6.65 0.156658
6.66 0.156421
6.67 0.156172
6.68 0.15591
6.69 0.155636
6.7 0.15535
6.71 0.155052
6.72 0.154741
6.73 0.154418
6.74 0.154083
6.75 0.153736
6.76 0.153377
6.77 0.153005
6.78 0.152622
6.79 0.152227
6.8 0.15182
6.81 0.151401
6.82 0.150969
6.83 0.150527
6.84 0.150072
6.85 0.149606
6.86 0.149128
6.87 0.148638
6.88 0.148136
6.89 0.147623
6.9 0.147099
6.91 0.146563
6.92 0.146016
6.93 0.145457
6.94 0.144887
6.95 0.144306
6.96 0.143714
6.97 0.14311
6.98 0.142495
6.99 0.14187
7 0.141233
7.01 0.140585
7.02 0.139927
7.03 0.139258
7.04 0.138578
7.05 0.137887
7.06 0.137186
7.07 0.136475
7.08 0.135752
7.09 0.13502
7.1 0.134277
7.11 0.133524
7.12 0.132761
7.13 0.131988
7.14 0.131204
7.15 0.130411
7.16 0.129608
7.17 0.128795
7.18 0.127972
7.19 0.12714
7.2 0.126298
7.21 0.125446
7.22 0.124586
7.23 0.123715
7.24 0.122836
7.25 0.121948
7.26 0.12105
7.27 0.120144
7.28 0.119228
7.29 0.118304
7.3 0.117371
7.31 0.116429
7.32 0.115479
7.33 0.114521
7.34 0.113554
7.35 0.112579
7.36 0.111595
7.37 0.110604
7.38 0.109604
7.39 0.108597
7.4 0.107582
7.41 0.106559
7.42 0.105529
7.43 0.104491
7.44 0.103445
7.45 0.102393
7.46 0.101333
7.47 0.100266
7.48 0.0991917
7.49 0.0981108
7.5 0.097023
7.51 0.0959286
7.52 0.0948276
7.53 0.09372
7.54 0.0926061
7.55 0.0914859
7.56 0.0903595
7.57 0.089227
7.58 0.0880885
7.59 0.0869442
7.6 0.0857941
7.61 0.0846384
7.62 0.0834771
7.63 0.0823105
7.64 0.0811384
7.65 0.0799612
7.66 0.0787789
7.67 0.0775916
7.68 0.0763994
7.69 0.0752025
7.7 0.0740009
7.71 0.0727948
7.72 0.0715843
7.73 0.0703694
7.74 0.0691504
7.75 0.0679273
7.76 0.0667002
7.77 0.0654693
7.78 0.0642347
7.79 0.0629964
7.8 0.0617546
7.81 0.0605095
7.82 0.0592611
7.83 0.0580095
7.84 0.056755
7.85 0.0554975
7.86 0.0542372
7.87 0.0529743
7.88 0.0517088
7.89 0.0504409
7.9 0.0491707
7.91 0.0478983
7.92 0.0466238
7.93 0.0453474
7.94 0.0440691
7.95 0.0427891
7.96 0.0415076
7.97 0.0402246
7.98 0.0389403
7.99 0.0376547
8 0.036368
8.01 0.0350804
8.02 0.0337919
8.03 0.0325027
8.04 0.0312129
8.05 0.0299227
8.06 0.028632
8.07 0.0273411
8.08 0.0260502
8.09 0.0247592
8.1 0.0234683
8.11 0.0221777
8.12 0.0208875
8.13 0.0195978
8.14 0.0183088
8.15 0.0170204
8.16 0.015733
8.17 0.0144465
8.18 0.0131611
8.19 0.011877
8.2 0.0105942
8.21 0.00931296
8.22 0.00803328
8.23 0.00675533
8.24 0.00547921
8.25 0.00420506
8.26 0.002933
8.27 0.00166315
8.28 0.000395621
8.29 -0.000869457
8.3 -0.00213197
8.31 -0.00339179
8.32 -0.00464881
8.33 -0.00590289
8.34 -0.00715394
8.35 -0.00840181
8.36 -0.00964641
8.37 -0.0108876
8.38 -0.0121253
8.39 -0.0133593
8.4 -0.0145896
8.41 -0.015816
8.42 -0.0170384
8.43 -0.0182567
8.44 -0.0194708
8.45 -0.0206806
8.46 -0.0218859
8.47 -0.0230866
8.48 -0.0242827
8.49 -0.025474
8.5 -0.0266604
8.51 -0.0278417
8.52 -0.0290179
8.53 -0.0301889
8.54 -0.0313545
8.55 -0.0325147
8.56 -0.0336693
8.57 -0.0348182
8.58 -0.0359614
8.59 -0.0370986
8.6 -0.0382298
8.61 -0.0393549
8.62 -0.0404738
8.63 -0.0415864
8.64 -0.0426925
8.65 -0.0437921
8.66 -0.0448851
8.67 -0.0459713
8.68 -0.0470507
8.69 -0.0481232
8.7 -0.0491886
8.71 -0.0502468
8.72 -0.0512978
8.73 -0.0523415
8.74 -0.0533777
8.75 -0.0544064
8.76 -0.0554275
8.77 -0.0564408
8.78 -0.0574463
8.79 -0.0584438
8.8 -0.0594334
8.81 -0.0604148
8.82 -0.061388
8.83 -0.0623529
8.84 -0.0633095
8.85 -0.0642575
8.86 -0.065197
8.87 -0.0661279
8.88 -0.06705
8.89 -0.0679632
8.9 -0.0688676
8.91 -0.0697629
8.92 -0.0706491
8.93 -0.0715262
8.94 -0.072394
8.95 -0.0732525
8.96 -0.0741016
8.97 -0.0749412
8.98 -0.0757712
8.99 -0.0765915
9 -0.0774021
9.01 -0.0782029
9.02 -0.0789938
9.03 -0.0797747
9.04 -0.0805457
9.05 -0.0813065
9.06 -0.0820571
9.07 -0.0827975
9.08 -0.0835276
9.09 -0.0842473
9.1 -0.0849566
9.11 -0.0856553
9.12 -0.0863435
9.13 -0.087021
9.14 -0.0876878
9.15 -0.0883438
9.16 -0.088989
9.17 -0.0896233
9.18 -0.0902467
9.19 -0.0908591
9.2 -0.0914604
9.21 -0.0920506
9.22 -0.0926296
9.23 -0.0931974
9.24 -0.0937539
9.25 -0.0942991
9.26 -0.0948329
9.27 -0.0953553
9.28 -0.0958662
9.29 -0.0963656
9.3 -0.0968534
9.31 -0.0973296
9.32 -0.0977942
9.33 -0.098247
9.34 -0.0986882
9.35 -0.0991175
9.36 -0.099535
9.37 -0.0999407
9.38 -0.100334
9.39 -0.100716
9.4 -0.101086
9.41 -0.101444
9.42 -0.10179
9.43 -0.102124
9.44 -0.102446
9.45 -0.102755
9.46 -0.103053
9.47 -0.103338
9.48 -0.103611
9.49 -0.103872
9.5 -0.104121
9.51 -0.104357
9.52 -0.104581
9.53 -0.104793
9.54 -0.104993
9.55 -0.10518
9.56 -0.105355
9.57 -0.105517
9.58 -0.105667
9.59 -0.105805
9.6 -0.10593
9.61 -0.106043
9.62 -0.106144
9.63 -0.106232
9.64 -0.106307
9.65 -0.106371
9.66 -0.106421
9.67 -0.106459
9.68 -0.106485
9.69 -0.106499
9.7 -0.106499
9.71 -0.106488
9.72 -0.106464
9.73 -0.106427
9.74 -0.106378
9.75 -0.106317
9.76 -0.106243
9.77 -0.106157
9.78 -0.106058
9.79 -0.105947
9.8 -0.105823
9.81 -0.105687
9.82 -0.105538
9.83 -0.105378
9.84 -0.105204
9.85 -0.105019
9.86 -0.104821
9.87 -0.104611
9.88 -0.104388
9.89 -0.104153
9.9 -0.103906
9.91 -0.103647
9.92 -0.103376
9.93 -0.103092
9.94 -0.102796
9.95 -0.102488
9.96 -0.102168
9.97 -0.101835
9.98 -0.101491
9.99 -0.101135
10 -0.100767
10.01 -0.100386
10.02 -0.0999942
10.03 -0.0995901
10.04 -0.0991742
10.05 -0.0987464
10.06 -0.0983069
10.07 -0.0978557
10.08 -0.0973928
10.09 -0.0969182
10.1 -0.096432
10.11 -0.0959342
10.12 -0.095425
10.13 -0.0949042
10.14 -0.0943721
10.15 -0.0938285
10.16 -0.0932736
10.17 -0.0927075
10.18 -0.0921301
10.19 -0.0915416
10.2 -0.0909419
10.21 -0.0903312
10.22 -0.0897095
10.23 -0.0890768
10.24 -0.0884333
10.25 -0.0877789
10.26 -0.0871137
10.27 -0.0864378
10.28 -0.0857513
10.29 -0.0850542
10.3 -0.0843466
10.31 -0.0836285
10.32 -0.0829
10.33 -0.0821612
10.34 -0.0814121
10.35 -0.0806529
10.36 -0.0798835
10.37 -0.0791041
10.38 -0.0783148
10.39 -0.0775155
10.4 -0.0767064
10.41 -0.0758876
10.42 -0.0750591
10.43 -0.074221
10.44 -0.0733734
10.45 -0.0725164
10.46 -0.07165
10.47 -0.0707743
10.48 -0.0698894
10.49 -0.0689954
10.5 -0.0680924
10.51 -0.0671805
10.52 -0.0662597
10.53 -0.0653301
10.54 -0.0643919
10.55 -0.063445
10.56 -0.0624897
10.57 -0.0615259
10.58 -0.0605538
10.59 -0.0595735
10.6 -0.058585
10.61 -0.0575885
10.62 -0.0565841
10.63 -0.0555717
10.64 -0.0545516
10.65 -0.0535239
10.66 -0.0524885
10.67 -0.0514457
10.68 -0.0503955
10.69 -0.049338
10.7 -0.0482734
10.71 -0.0472017
10.72 -0.046123
10.73 -0.0450374
10.74 -0.043945
10.75 -0.042846
10.76 -0.0417404
10.77 -0.0406284
10.78 -0.03951
10.79 -0.0383853
10.8 -0.0372545
10.81 -0.0361177
10.82 -0.0349749
10.83 -0.0338263
10.84 -0.032672
10.85 -0.0315121
10.86 -0.0303467
10.87 -0.029176
10.88 -0.0279999
10.89 -0.0268187
10.9 -0.0256325
10.91 -0.0244413
10.92 -0.0232453
10.93 -0.0220446
10.94 -0.0208393
10.95 -0.0196295
10.96 -0.0184153
10.97 -0.017197
10.98 -0.0159744
10.99 -0.0147479
11 -0.0135175
11.01 -0.0122832
11.02 -0.0110454
11.03 -0.00980392
11.04 -0.00855907
11.05 -0.0073109
11.06 -0.00605955
11.07 -0.00480513
11.08 -0.00354775
11.09 -0.00228754
11.1 -0.00102463
11.11 0.000240882
11.12 0.00150886
11.13 0.00277919
11.14 0.00405174
11.15 0.0053264
11.16 0.00660305
11.17 0.00788156
11.18 0.00916182
11.19 0.0104437
11.2 0.0117271
11.21 0.0130118
11.22 0.0142978
11.23 0.0155849
11.24 0.0168731
11.25 0.0181621
11.26 0.0194519
11.27 0.0207423
11.28 0.0220332
11.29 0.0233246
11.3 0.0246162
11.31 0.0259079
11.32 0.0271997
11.33 0.0284914
11.34 0.0297829
11.35 0.031074
11.36 0.0323646
11.37 0.0336547
11.38 0.034944
11.39 0.0362325
11.4 0.0375201
11.41 0.0388066
11.42 0.0400918
11.43 0.0413758
11.44 0.0426583
11.45 0.0439392
11.46 0.0452184
11.47 0.0464959
11.48 0.0477713
11.49 0.0490448
11.5 0.050316
11.51 0.051585
11.52 0.0528515
11.53 0.0541155
11.54 0.0553768
11.55 0.0566353
11.56 0.0578909
11.57 0.0591435
11.58 0.0603929
11.59 0.0616391
11.6 0.0628819
11.61 0.0641212
11.62 0.0653568
11.63 0.0665888
11.64 0.0678168
11.65 0.0690409
11.66 0.0702609
11.67 0.0714766
11.68 0.072688
11.69 0.073895
11.7 0.0750974
11.71 0.0762952
11.72 0.0774881
11.73 0.0786761
11.74 0.0798591
11.75 0.081037
11.76 0.0822096
11.77 0.0833768
11.78 0.0845386
11.79 0.0856948
11.8 0.0868453
11.81 0.0879899
11.82 0.0891287
11.83 0.0902614
11.84 0.0913879
11.85 0.0925083
11.86 0.0936222
11.87 0.0947297
11.88 0.0958307
11.89 0.0969249
11.9 0.0980124
11.91 0.099093
11.92 0.100167
11.93 0.101233
11.94 0.102292
11.95 0.103344
11.96 0.104389
11.97 0.105426
11.98 0.106456
11.99 0.107478
12 0.108492
12.01 0.109498
12.02 0.110496
12.03 0.111486
12.04 0.112468
12.05 0.113442
12.06 0.114407
12.07 0.115364
12.08 0.116312
12.09 0.117252
12.1 0.118182
12.11 0.119105
12.12 0.120018
12.13 0.120922
12.14 0.121817
12.15 0.122703
12.16 0.12358
12.17 0.124447
12.18 0.125305
12.19 0.126153
12.2 0.126992
12.21 0.127821
12.22 0.128641
12.23 0.12945
12.24 0.13025
12.25 0.13104
12.26 0.131819
12.27 0.132589
12.28 0.133348
12.29 0.134097
12.3 0.134836
12.31 0.135564
12.32 0.136282
12.33 0.136989
12.34 0.137686
12.35 0.138372
12.36 0.139047
12.37 0.139711
12.38 0.140364
12.39 0.141007
12.4 0.141638
12.41 0.142259
12.42 0.142868
12.43 0.143466
12.44 0.144053
12.45 0.144628
12.46 0.145192
12.47 0.145745
12.48 0.146286
12.49 0.146816
12.5 0.147334
12.51 0.14784
12.52 0.148335
12.53 0.148818
12.54 0.14929
12.55 0.149749
12.56 0.150197
12.57 0.150633
12.58 0.151056
12.59 0.151468
12.6 0.151868
12.61 0.152256
12.62 0.152632
12.63 0.152995
12.64 0.153346
12.65 0.153686
12.66 0.154012
12.67 0.154327
12.68 0.15463
12.69 0.15492
12.7 0.155197
12.71 0.155463
12.72 0.155716
12.73 0.155956
12.74 0.156184
12.75 0.1564
12.76 0.156603
12.77 0.156794
12.78 0.156972
12.79 0.157137
12.8 0.15729
12.81 0.157431
12.82 0.157559
12.83 0.157674
12.84 0.157777
12.85 0.157867
12.86 0.157945
12.87 0.15801
12.88 0.158062
12.89 0.158102
12.9 0.158129
12.91 0.158143
12.92 0.158145
12.93 0.158134
12.94 0.158111
12.95 0.158075
12.96 0.158026
12.97 0.157965
12.98 0.157891
12.99 0.157805
13 0.157706
13.01 0.157594
13.02 0.15747
13.03 0.157334
13.04 0.157185
13.05 0.157023
13.06 0.156849
13.07 0.156662
13.08 0.156463
13.09 0.156252
13.1 0.156028
13.11 0.155792
13.12 0.155543
13.13 0.155282
13.14 0.155009
13.15 0.154724
13.16 0.154426
13.17 0.154116
13.18 0.153794
13.19 0.153459
13.2 0.153113
13.21 0.152755
13.22 0.152384
13.23 0.152002
13.24 0.151607
13.25 0.151201
13.26 0.150782
13.27 0.150352
13.28 0.14991
13.29 0.149457
13.3 0.148991
13.31 0.148514
13.32 0.148026
13.33 0.147525
13.34 0.147014
13.35 0.14649
13.36 0.145956
13.37 0.14541
13.38 0.144853
13.39 0.144284
13.4 0.143704
13.41 0.143114
13.42 0.142512
13.43 0.141899
13.44 0.141275
13.45 0.14064
13.46 0.139995
13.47 0.139338
13.48 0.138671
13.49 0.137994
13.5 0.137305
13.51 0.136607
13.52 0.135897
13.53 0.135178
13.54 0.134448
13.55 0.133708
13.56 0.132958
13.57 0.132197
13.58 0.131427
13.59 0.130647
13.6 0.129857
13.61 0.129057
13.62 0.128247
13.63 0.127428
13.64 0.1266
13.65 0.125761
13.66 0.124914
13.67 0.124057
13.68 0.123191
13.69 0.122316
13.7 0.121432
13.71 0.120538
13.72 0.119636
13.73 0.118726
13.74 0.117806
13.75 0.116878
13.76 0.115941
13.77 0.114996
13.78 0.114043
13.79 0.113081
13.8 0.112111
13.81 0.111133
13.82 0.110148
13.83 0.109154
13.84 0.108152
13.85 0.107143
13.86 0.106126
13.87 0.105102
13.88 0.104071
13.89 0.103032
13.9 0.101986
13.91 0.100933
13.92 0.0998725
13.93 0.0988055
13.94 0.0977318
13.95 0.0966513
13.96 0.0955643
13.97 0.0944708
13.98 0.093371
13.99 0.0922649
14 0.0911526
14.01 0.0900343
14.02 0.08891
14.03 0.0877799
14.04 0.0866441
14.05 0.0855027
14.06 0.0843557
14.07 0.0832034
14.08 0.0820458
14.09 0.0808829
14.1 0.079715
14.11 0.0785422
14.12 0.0773645
14.13 0.076182
14.14 0.0749949
14.15 0.0738033
14.16 0.0726073
14.17 0.071407
14.18 0.0702025
14.19 0.068994
14.2 0.0677815
14.21 0.0665651
14.22 0.0653451
14.23 0.0641214
14.24 0.0628942
14.25 0.0616636
14.26 0.0604298
14.27 0.0591928
14.28 0.0579527
14.29 0.0567098
14.3 0.055464
14.31 0.0542155
14.32 0.0529645
14.33 0.051711
14.34 0.0504551
14.35 0.049197
14.36 0.0479368
14.37 0.0466746
14.38 0.0454105
14.39 0.0441447
14.4 0.0428772
14.41 0.0416081
14.42 0.0403377
14.43 0.039066
14.44 0.0377931
14.45 0.0365191
14.46 0.0352442
14.47 0.0339685
14.48 0.032692
14.49 0.031415
14.5 0.0301376
14.51 0.0288597
14.52 0.0275817
14.53 0.0263035
14.54 0.0250254
14.55 0.0237474
14.56 0.0224696
14.57 0.0211922
14.58 0.0199153
14.59 0.0186389
14.6 0.0173634
14.61 0.0160886
14.62 0.0148148
14.63 0.0135421
14.64 0.0122706
14.65 0.0110005
14.66 0.00973171
14.67 0.00846452
14.68 0.00719901
14.69 0.00593529
14.7 0.00467349
14.71 0.00341371
14.72 0.00215608
14.73 0.000900709
14.74 -0.000352276
14.75 -0.00160276
14.76 -0.00285063
14.77 -0.00409577
14.78 -0.00533806
14.79 -0.00657738
14.8 -0.00781363
14.81 -0.00904667
14.82 -0.0102764
14.83 -0.0115027
14.84 -0.0127255
14.85 -0.0139446
14.86 -0.0151599
14.87 -0.0163714
14.88 -0.0175788
14.89 -0.0187821
14.9 -0.0199812
14.91 -0.021176
14.92 -0.0223663
14.93 -0.0235521
14.94 -0.0247332
14.95 -0.0259095
14.96 -0.0270809
14.97 -0.0282473
14.98 -0.0294086
14.99 -0.0305647
15 -0.0317154
15.01 -0.0328607
15.02 -0.0340005
15.03 -0.0351346
15.04 -0.036263
15.05 -0.0373854
15.06 -0.038502
15.07 -0.0396124
15.08 -0.0407167
15.09 -0.0418147
15.1 -0.0429063
15.11 -0.0439914
15.12 -0.0450699
15.13 -0.0461417
15.14 -0.0472068
15.15 -0.0482649
15.16 -0.0493161
15.17 -0.0503601
15.18 -0.051397
15.19 -0.0524266
15.2 -0.0534488
15.21 -0.0544635
15.22 -0.0554707
15.23 -0.0564702
15.24 -0.0574619
15.25 -0.0584457
15.26 -0.0594216
15.27 -0.0603895
15.28 -0.0613492
15.29 -0.0623007
15.3 -0.0632438
15.31 -0.0641786
15.32 -0.0651049
15.33 -0.0660225
15.34 -0.0669315
15.35 -0.0678318
15.36 -0.0687231
15.37 -0.0696056
15.38 -0.070479
15.39 -0.0713434
15.4 -0.0721986
15.41 -0.0730445
15.42 -0.073881
15.43 -0.0747082
15.44 -0.0755258
15.45 -0.0763339
15.46 -0.0771323
15.47 -0.077921
15.48 -0.0786998
15.49 -0.0794688
15.5 -0.0802279
15.51 -0.0809769
15.52 -0.0817159
15.53 -0.0824446
15.54 -0.0831632
15.55 -0.0838714
15.56 -0.0845693
15.57 -0.0852567
15.58 -0.0859337
15.59 -0.0866
15.6 -0.0872558
15.61 -0.0879009
15.62 -0.0885352
15.63 -0.0891587
15.64 -0.0897713
15.65 -0.090373
15.66 -0.0909638
15.67 -0.0915435
15.68 -0.092112
15.69 -0.0926695
15.7 -0.0932157
15.71 -0.0937507
15.72 -0.0942744
15.73 -0.0947867
15.74 -0.0952876
15.75 -0.0957771
15.76 -0.096255
15.77 -0.0967214
15.78 -0.0971762
15.79 -0.0976194
15.8 -0.0980509
15.81 -0.0984707
15.82 -0.0988787
15.83 -0.099275
15.84 -0.0996593
15.85 -0.100032
15.86 -0.100392
15.87 -0.100741
15.88 -0.101078
15.89 -0.101402
15.9 -0.101715
15.91 -0.102016
15.92 -0.102304
15.93 -0.10258
15.94 -0.102845
15.95 -0.103097
15.96 -0.103336
15.97 -0.103564
15.98 -0.103779
15.99 -0.103982
16 -0.104173
16.01 -0.104352
16.02 -0.104518
16.03 -0.104671
16.04 -0.104813
16.05 -0.104942
16.06 -0.105058
16.07 -0.105163
16.08 -0.105255
16.09 -0.105334
16.1 -0.105401
16.11 -0.105455
16.12 -0.105498
16.13 -0.105527
16.14 -0.105544
16.15 -0.105549
16.16 -0.105541
16.17 -0.105521
16.18 -0.105489
16.19 -0.105444
16.2 -0.105386
16.21 -0.105316
16.22 -0.105234
16.23 -0.105139
16.24 -0.105032
16.25 -0.104912
16.26 -0.10478
16.27 -0.104636
16.28 -0.104479
16.29 -0.10431
16.3 -0.104128
16.31 -0.103934
16.32 -0.103728
16.33 -0.10351
16.34 -0.103279
16.35 -0.103036
16.36 -0.102781
16.37 -0.102514
16.38 -0.102234
16.39 -0.101943
16.4 -0.101639
16.41 -0.101323
16.42 -0.100995
16.43 -0.100655
16.44 -0.100303
16.45 -0.0999391
16.46 -0.0995633
16.47 -0.0991755
16.48 -0.0987759
16.49 -0.0983644
16.5 -0.0979412
16.51 -0.0975062
16.52 -0.0970595
16.53 -0.0966011
16.54 -0.0961312
16.55 -0.0956496
16.56 -0.0951566
16.57 -0.094652
16.58 -0.094136
16.59 -0.0936086
16.6 -0.0930699
16.61 -0.0925199
16.62 -0.0919587
16.63 -0.0913863
16.64 -0.0908028
16.65 -0.0902082
16.66 -0.0896026
16.67 -0.088986
16.68 -0.0883585
16.69 -0.0877203
16.7 -0.0870712
16.71 -0.0864114
16.72 -0.085741
16.73 -0.08506
16.74 -0.0843685
16.75 -0.0836665
16.76 -0.0829542
16.77 -0.0822315
16.78 -0.0814986
16.79 -0.0807554
16.8 -0.0800022
16.81 -0.079239
16.82 -0.0784657
16.83 -0.0776826
16.84 -0.0768896
16.85 -0.0760869
16.86 -0.0752745
16.87 -0.0744526
16.88 -0.073621
16.89 -0.0727801
16.9 -0.0719298
16.91 -0.0710702
16.92 -0.0702014
16.93 -0.0693234
16.94 -0.0684365
16.95 -0.0675405
16.96 -0.0666357
16.97 -0.0657221
16.98 -0.0647998
16.99 -0.0638689
17 -0.0629295
17.01 -0.0619816
17.02 -0.0610253
17.03 -0.0600608
17.04 -0.0590881
17.05 -0.0581074
17.06 -0.0571186
17.07 -0.056122
17.08 -0.0551176
17.09 -0.0541054
17.1 -0.0530857
17.11 -0.0520585
17.12 -0.0510238
17.13 -0.0499819
17.14 -0.0489327
17.15 -0.0478764
17.16 -0.0468131
17.17 -0.0457429
17.18 -0.0446659
17.19 -0.0435822
17.2 -0.0424919
17.21 -0.0413951
17.22 -0.0402919
17.23 -0.0391824
17.24 -0.0380667
17.25 -0.0369449
17.26 -0.0358172
17.27 -0.0346836
17.28 -0.0335443
17.29 -0.0323993
17.3 -0.0312488
17.31 -0.0300929
17.32 -0.0289316
17.33 -0.0277651
17.34 -0.0265936
17.35 -0.025417
17.36 -0.0242356
17.37 -0.0230495
17.38 -0.0218586
17.39 -0.0206633
17.4 -0.0194635
17.41 -0.0182595
17.42 -0.0170512
17.43 -0.0158389
17.44 -0.0146226
17.45 -0.0134025
17.46 -0.0121786
17.47 -0.0109511
17.48 -0.0097202
17.49 -0.00848587
17.5 -0.0072483
17.51 -0.00600758
17.52 -0.00476385
17.53 -0.00351722
17.54 -0.0022678
17.55 -0.00101573
17.56 0.000238885
17.57 0.00149592
17.58 0.00275526
17.59 0.00401678
17.6 0.00528037
17.61 0.00654589
17.62 0.00781324
17.63 0.00908228
17.64 0.0103529
17.65 0.011625
17.66 0.0128984
17.67 0.0141731
17.68 0.0154488
17.69 0.0167255
17.7 0.0180031
17.71 0.0192814
17.72 0.0205603
17.73 0.0218396
17.74 0.0231194
17.75 0.0243994
17.76 0.0256795
17.77 0.0269596
17.78 0.0282396
17.79 0.0295194
17.8 0.0307988
17.81 0.0320777
17.82 0.033356
17.83 0.0346336
17.84 0.0359103
17.85 0.037186
17.86 0.0384606
17.87 0.039734
17.88 0.0410061
17.89 0.0422767
17.9 0.0435458
17.91 0.0448131
17.92 0.0460786
17.93 0.0473421
17.94 0.0486036
17.95 0.0498629
17.96 0.0511199
17.97 0.0523744
17.98 0.0536264
17.99 0.0548758
18 0.0561223
18.01 0.0573659
18.02 0.0586065
18.03 0.059844
18.04 0.0610782
18.05 0.062309
18.06 0.0635363
18.07 0.06476
18.08 0.0659799
18.09 0.067196
18.1 0.0684082
18.11 0.0696162
18.12 0.0708201
18.13 0.0720196
18.14 0.0732148
18.15 0.0744053
18.16 0.0755912
18.17 0.0767724
18.18 0.0779487
18.19 0.0791199
18.2 0.0802861
18.21 0.0814471
18.22 0.0826027
18.23 0.0837529
18.24 0.0848975
18.25 0.0860365
18.26 0.0871697
18.27 0.0882971
18.28 0.0894184
18.29 0.0905337
18.3 0.0916428
18.31 0.0927455
18.32 0.0938419
18.33 0.0949318
18.34 0.096015
18.35 0.0970915
18.36 0.0981612
18.37 0.099224
18.38 0.10028
18.39 0.101328
18.4 0.10237
18.41 0.103404
18.42 0.10443
18.43 0.10545
18.44 0.106461
18.45 0.107465
18.46 0.108461
18.47 0.109449
18.48 0.110429
18.49 0.111401
18.5 0.112365
18.51 0.11332
18.52 0.114268
18.53 0.115206
18.54 0.116137
18.55 0.117058
18.56 0.117971
18.57 0.118875
18.58 0.11977
18.59 0.120656
18.6 0.121533
18.61 0.122401
18.62 0.12326
18.63 0.12411
18.64 0.12495
18.65 0.12578
18.66 0.126601
18.67 0.127413
18.68 0.128215
18.69 0.129007
18.7 0.129789
18.71 0.130561
18.72 0.131323
18.73 0.132076
18.74 0.132818
18.75 0.133549
18.76 0.134271
18.77 0.134982
18.78 0.135683
18.79 0.136374
18.8 0.137054
18.81 0.137723
18.82 0.138381
18.83 0.139029
18.84 0.139667
18.85 0.140293
18.86 0.140908
18.87 0.141513
18.88 0.142106
18.89 0.142688
18.9 0.14326
18.91 0.14382
18.92 0.144369
18.93 0.144906
18.94 0.145432
18.95 0.145947
18.96 0.146451
18.97 0.146943
18.98 0.147423
18.99 0.147892
19 0.148349
19.01 0.148795
19.02 0.149229
19.03 0.149651
19.04 0.150062
19.05 0.15046
19.06 0.150847
19.07 0.151222
19.08 0.151585
19.09 0.151936
19.1 0.152275
19.11 0.152602
19.12 0.152917
19.13 0.15322
19.14 0.153511
19.15 0.153789
19.16 0.154056
19.17 0.15431
19.18 0.154552
19.19 0.154782
19.2 0.155
19.21 0.155205
19.22 0.155398
19.23 0.155579
19.24 0.155747
19.25 0.155903
19.26 0.156047
19.27 0.156178
19.28 0.156297
19.29 0.156403
19.3 0.156497
19.31 0.156579
19.32 0.156648
19.33 0.156705
19.34 0.156749
19.35 0.156781
19.36 0.156801
19.37 0.156808
19.38 0.156802
19.39 0.156784
19.4 0.156754
19.41 0.156711
19.42 0.156656
19.43 0.156588
19.44 0.156508
19.45 0.156416
19.46 0.156311
19.47 0.156193
19.48 0.156064
19.49 0.155922
19.5 0.155767
19.51 0.1556
19.52 0.155421
19.53 0.15523
19.54 0.155026
19.55 0.15481
19.56 0.154582
19.57 0.154341
19.58 0.154088
19.59 0.153824
19.6 0.153547
19.61 0.153257
19.62 0.152956
19.63 0.152643
19.64 0.152317
19.65 0.15198
19.66 0.151631
19.67 0.151269
19.68 0.150896
19.69 0.150511
19.7 0.150114
19.71 0.149705
19.72 0.149285
19.73 0.148852
19.74 0.148408
19.75 0.147953
19.76 0.147486
19.77 0.147007
19.78 0.146517
19.79 0.146015
19.8 0.145502
19.81 0.144978
19.82 0.144442
19.83 0.143895
19.84 0.143337
19.85 0.142768
19.86 0.142187
19.87 0.141596
19.88 0.140994
19.89 0.14038
19.9 0.139756
19.91 0.139121
19.92 0.138475
19.93 0.137819
19.94 0.137152
19.95 0.136474
19.96 0.135786
19.97 0.135088
19.98 0.134379
19.99 0.13366
20 0.132931
20.01 0.132191
20.02 0.131442
20.03 0.130682
20.04 0.129913
20.05 0.129133
20.06 0.128344
20.07 0.127545
20.08 0.126737
20.09 0.125919
20.1 0.125092
20.11 0.124255
20.12 0.123409
20.13 0.122553
20.14 0.121689
20.15 0.120815
20.16 0.119933
20.17 0.119042
20.18 0.118141
20.19 0.117232
20.2 0.116315
20.21 0.115389
20.22 0.114454
20.23 0.113511
20.24 0.11256
20.25 0.111601
20.26 0.110634
20.27 0.109658
20.28 0.108675
20.29 0.107684
20.3 0.106685
20.31 0.105678
20.32 0.104665
20.33 0.103643
20.34 0.102615
20.35 0.101579
20.36 0.100536
20.37 0.0994856
20.38 0.0984286
20.39 0.0973649
20.4 0.0962944
20.41 0.0952174
20.42 0.0941338
20.43 0.0930438
20.44 0.0919475
20.45 0.0908451
20.46 0.0897365
20.47 0.088622
20.48 0.0875016
20.49 0.0863755
20.5 0.0852437
20.51 0.0841063
20.52 0.0829635
20.53 0.0818154
20.54 0.0806621
20.55 0.0795037
20.56 0.0783403
20.57 0.077172
20.58 0.0759989
20.59 0.0748212
20.6 0.0736389
20.61 0.0724521
20.62 0.0712611
20.63 0.0700659
20.64 0.0688665
20.65 0.0676632
20.66 0.066456
20.67 0.0652451
20.68 0.0640305
20.69 0.0628124
20.7 0.061591
20.71 0.0603662
20.72 0.0591382
20.73 0.0579073
20.74 0.0566733
20.75 0.0554366
20.76 0.0541971
20.77 0.0529551
20.78 0.0517106
20.79 0.0504638
20.8 0.0492147
20.81 0.0479636
20.82 0.0467104
20.83 0.0454554
20.84 0.0441987
20.85 0.0429403
20.86 0.0416804
20.87 0.0404191
20.88 0.0391566
20.89 0.0378929
20.9 0.0366282
20.91 0.0353625
20.92 0.0340961
20.93 0.0328291
20.94 0.0315614
20.95 0.0302934
20.96 0.029025
20.97 0.0277565
20.98 0.0264879
20.99 0.0252194
21 0.023951
21.01 0.0226829
21.02 0.0214153
21.03 0.0201482
21.04 0.0188817
21.05 0.017616
21.06 0.0163512
21.07 0.0150874
21.08 0.0138248
21.09 0.0125634
21.1 0.0113034
21.11 0.0100448
21.12 0.00878793
21.13 0.00753274
21.14 0.00627939
21.15 0.00502801
21.16 0.00377871
21.17 0.00253161
21.18 0.00128682
21.19 4.44771e-05
21.2 -0.00119532
21.21 -0.00243245
21.22 -0.00366679
21.23 -0.00489823
21.24 -0.00612666
21.25 -0.00735195
21.26 -0.00857399
21.27 -0.00979268
21.28 -0.0110079
21.29 -0.0122195
21.3 -0.0134274
21.31 -0.0146315
21.32 -0.0158317
21.33 -0.0170278
21.34 -0.0182198
21.35 -0.0194075
21.36 -0.0205908
21.37 -0.0217696
21.38 -0.0229439
21.39 -0.0241134
21.4 -0.0252781
21.41 -0.0264379
21.42 -0.0275927
21.43 -0.0287423
21.44 -0.0298867
21.45 -0.0310257
21.46 -0.0321593
21.47 -0.0332873
21.48 -0.0344096
21.49 -0.0355262
21.5 -0.0366369
21.51 -0.0377416
21.52 -0.0388402
21.53 -0.0399327
21.54 -0.0410188
21.55 -0.0420986
21.56 -0.0431719
21.57 -0.0442386
21.58 -0.0452986
21.59 -0.0463518
21.6 -0.0473981
21.61 -0.0484375
21.62 -0.0494697
21.63 -0.0504948
21.64 -0.0515126
21.65 -0.0525231
21.66 -0.053526
21.67 -0.0545215
21.68 -0.0555092
21.69 -0.0564892
21.7 -0.0574614
21.71 -0.0584257
21.72 -0.0593819
21.73 -0.0603301
21.74 -0.06127
21.75 -0.0622016
21.76 -0.0631249
21.77 -0.0640397
21.78 -0.064946
21.79 -0.0658437
21.8 -0.0667326
21.81 -0.0676128
21.82 -0.068484
21.83 -0.0693463
21.84 -0.0701996
21.85 -0.0710437
21.86 -0.0718787
21.87 -0.0727043
21.88 -0.0735207
21.89 -0.0743275
21.9 -0.0751249
21.91 -0.0759127
21.92 -0.0766909
21.93 -0.0774593
21.94 -0.0782179
21.95 -0.0789667
21.96 -0.0797055
21.97 -0.0804344
21.98 -0.0811531
21.99 -0.0818617
22 -0.0825601
22.01 -0.0832482
22.02 -0.083926
22.03 -0.0845934
22.04 -0.0852504
22.05 -0.0858968
22.06 -0.0865326
22.07 -0.0871578
22.08 -0.0877723
22.09 -0.0883761
22.1 -0.088969
22.11 -0.0895511
22.12 -0.0901222
22.13 -0.0906824
22.14 -0.0912316
22.15 -0.0917697
22.16 -0.0922966
22.17 -0.0928125
22.18 -0.093317
22.19 -0.0938104
22.2 -0.0942924
22.21 -0.0947631
22.22 -0.0952223
22.23 -0.0956702
22.24 -0.0961065
22.25 -0.0965314
22.26 -0.0969447
22.27 -0.0973464
22.28 -0.0977365
22.29 -0.0981149
22.3 -0.0984816
22.31 -0.0988366
22.32 -0.0991798
22.33 -0.0995112
22.34 -0.0998308
22.35 -0.100138
22.36 -0.100434
22.37 -0.100718
22.38 -0.10099
22.39 -0.10125
22.4 -0.101498
22.41 -0.101734
22.42 -0.101958
22.43 -0.10217
22.44 -0.10237
22.45 -0.102558
22.46 -0.102733
22.47 -0.102897
22.48 -0.103048
22.49 -0.103188
22.5 -0.103315
22.51 -0.103429
22.52 -0.103532
22.53 -0.103623
22.54 -0.103701
22.55 -0.103767
22.56 -0.103821
22.57 -0.103862
22.58 -0.103892
22.59 -0.103909
22.6 -0.103914
22.61 -0.103906
22.62 -0.103886
22.63 -0.103855
22.64 -0.10381
22.65 -0.103754
22.66 -0.103686
22.67 -0.103605
22.68 -0.103512
22.69 -0.103407
22.7 -0.103289
22.71 -0.10316
22.72 -0.103018
22.73 -0.102864
22.74 -0.102698
22.75 -0.10252
22.76 -0.102329
22.77 -0.102127
22.78 -0.101912
22.79 -0.101686
22.8 -0.101447
22.81 -0.101197
22.82 -0.100934
22.83 -0.10066
22.84 -0.100373
22.85 -0.100075
22.86 -0.0997643
22.87 -0.0994421
22.88 -0.0991082
22.89 -0.0987624
22.9 -0.0984048
22.91 -0.0980355
22.92 -0.0976546
22.93 -0.0972619
22.94 -0.0968577
22.95 -0.0964418
22.96 -0.0960144
22.97 -0.0955755
22.98 -0.0951251
22.99 -0.0946633
23 -0.0941901
23.01 -0.0937056
23.02 -0.0932097
23.03 -0.0927027
23.04 -0.0921844
23.05 -0.091655
23.06 -0.0911145
23.07 -0.0905629
23.08 -0.0900003
23.09 -0.0894268
23.1 -0.0888424
23.11 -0.0882471
23.12 -0.0876411
23.13 -0.0870243
23.14 -0.0863969
23.15 -0.0857588
23.16 -0.0851102
23.17 -0.0844511
23.18 -0.0837816
23.19 -0.0831017
23.2 -0.0824116
23.21 -0.0817111
23.22 -0.0810006
23.23 -0.0802799
23.24 -0.0795491
23.25 -0.0788084
23.26 -0.0780578
23.27 -0.0772974
23.28 -0.0765272
23.29 -0.0757473
23.3 -0.0749579
23.31 -0.0741588
23.32 -0.0733504
23.33 -0.0725325
23.34 -0.0717053
23.35 -0.0708689
23.36 -0.0700233
23.37 -0.0691686
23.38 -0.068305
23.39 -0.0674324
23.4 -0.066551
23.41 -0.0656608
23.42 -0.064762
23.43 -0.0638546
23.44 -0.0629386
23.45 -0.0620143
23.46 -0.0610816
23.47 -0.0601407
23.48 -0.0591916
23.49 -0.0582344
23.5 -0.0572693
23.51 -0.0562962
23.52 -0.0553154
23.53 -0.0543269
23.54 -0.0533307
23.55 -0.052327
23.56 -0.0513159
23.57 -0.0502974
23.58 -0.0492717
23.59 -0.0482388
23.6 -0.0471988
23.61 -0.046152
23.62 -0.0450982
23.63 -0.0440377
23.64 -0.0429705
23.65 -0.0418968
23.66 -0.0408166
23.67 -0.03973
23.68 -0.0386372
23.69 -0.0375382
23.7 -0.0364331
23.71 -0.0353221
23.72 -0.0342052
23.73 -0.0330826
23.74 -0.0319544
23.75 -0.0308206
23.76 -0.0296814
23.77 -0.0285369
23.78 -0.0273871
23.79 -0.0262323
23.8 -0.0250724
23.81 -0.0239077
23.82 -0.0227382
23.83 -0.021564
23.84 -0.0203853
23.85 -0.0192021
23.86 -0.0180146
23.87 -0.0168228
23.88 -0.015627
23.89 -0.0144271
23.9 -0.0132234
23.91 -0.0120159
23.92 -0.0108047
23.93 -0.00959006
23.94 -0.00837195
23.95 -0.00715053
23.96 -0.00592592
23.97 -0.00469824
23.98 -0.0034676
23.99 -0.00223412
24 -0.000997923
24.01 0.000240883
24.02 0.00148217
24.03 0.00272583
24.04 0.00397174
24.05 0.00521978
24.06 0.00646982
24.07 0.00772176
24.08 0.00897546
24.09 0.0102308
24.1 0.0114877
24.11 0.012746
24.12 0.0140056
24.13 0.0152663
24.14 0.0165281
24.15 0.0177908
24.16 0.0190543
24.17 0.0203185
24.18 0.0215833
24.19 0.0228485
24.2 0.024114
24.21 0.0253797
24.22 0.0266455
24.23 0.0279112
24.24 0.0291767
24.25 0.030442
24.26 0.0317068
24.27 0.0329711
24.28 0.0342348
24.29 0.0354977
24.3 0.0367596
24.31 0.0380206
24.32 0.0392804
24.33 0.0405389
24.34 0.0417961
24.35 0.0430517
24.36 0.0443057
24.37 0.045558
24.38 0.0468084
24.39 0.0480568
24.4 0.0493031
24.41 0.0505472
24.42 0.0517889
24.43 0.0530281
24.44 0.0542648
24.45 0.0554987
24.46 0.0567299
24.47 0.057958
24.48 0.0591832
24.49 0.0604051
24.5 0.0616237
24.51 0.0628389
24.52 0.0640506
24.53 0.0652586
24.54 0.0664629
24.55 0.0676633
24.56 0.0688597
24.57 0.0700519
24.58 0.0712399
24.59 0.0724236
24.6 0.0736028
24.61 0.0747774
24.62 0.0759474
24.63 0.0771125
24.64 0.0782727
24.65 0.0794279
24.66 0.0805779
24.67 0.0817227
24.68 0.0828622
24.69 0.0839961
24.7 0.0851245
24.71 0.0862471
24.72 0.087364
24.73 0.088475
24.74 0.0895799
24.75 0.0906787
24.76 0.0917713
24.77 0.0928575
24.78 0.0939373
24.79 0.0950106
24.8 0.0960772
24.81 0.0971371
24.82 0.0981901
24.83 0.0992361
24.84 0.100275
24.85 0.101307
24.86 0.102332
24.87 0.103349
24.88 0.104359
24.89 0.105361
24.9 0.106355
24.91 0.107342
24.92 0.108321
24.93 0.109292
24.94 0.110256
24.95 0.11121
24.96 0.112157
24.97 0.113096
24.98 0.114026
24.99 0.114947
25 0.11586
25.01 0.116765
25.02 0.117661
25.03 0.118547
25.04 0.119425
25.05 0.120294
25.06 0.121154
25.07 0.122005
25.08 0.122846
25.09 0.123679
25.1 0.124501
25.11 0.125315
25.12 0.126118
25.13 0.126913
25.14 0.127697
25.15 0.128472
25.16 0.129236
25.17 0.129991
25.18 0.130736
25.19 0.131471
25.2 0.132196
25.21 0.13291
25.22 0.133614
25.23 0.134308
25.24 0.134992
25.25 0.135665
25.26 0.136327
25.27 0.136979
25.28 0.13762
25.29 0.13825
25.3 0.13887
25.31 0.139479
25.32 0.140077
25.33 0.140664
25.34 0.14124
25.35 0.141805
25.36 0.142359
25.37 0.142901
25.38 0.143433
25.39 0.143953
25.4 0.144462
25.41 0.144959
25.42 0.145445
25.43 0.14592
25.44 0.146383
25.45 0.146834
25.46 0.147274
25.47 0.147702
25.48 0.148119
25.49 0.148524
25.5 0.148917
25.51 0.149298
25.52 0.149668
25.53 0.150026
25.54 0.150371
25.55 0.150705
25.56 0.151027
25.57 0.151337
25.58 0.151635
25.59 0.151921
25.6 0.152195
25.61 0.152456
25.62 0.152706
25.63 0.152943
25.64 0.153169
25.65 0.153382
25.66 0.153583
25.67 0.153772
25.68 0.153948
25.69 0.154113
25.7 0.154265
25.71 0.154405
25.72 0.154532
25.73 0.154647
25.74 0.15475
25.75 0.154841
25.76 0.154919
25.77 0.154985
25.78 0.155039
25.79 0.15508
25.8 0.15511
25.81 0.155126
25.82 0.155131
25.83 0.155123
25.84 0.155103
25.85 0.15507
25.86 0.155026
25.87 0.154969
25.88 0.154899
25.89 0.154818
25.9 0.154724
25.91 0.154618
25.92 0.154499
25.93 0.154369
25.94 0.154226
25.95 0.154071
25.96 0.153904
25.97 0.153724
25.98 0.153533
25.99 0.153329
26 0.153113
26.01 0.152886
26.02 0.152646
26.03 0.152394
26.04 0.15213
26.05 0.151854
26.06 0.151566
26.07 0.151267
26.08 0.150955
26.09 0.150632
26.1 0.150297
26.11 0.149949
26.12 0.149591
26.13 0.14922
26.14 0.148838
26.15 0.148444
26.16 0.148039
26.17 0.147622
26.18 0.147193
26.19 0.146753
26.2 0.146302
26.21 0.145839
26.22 0.145365
26.23 0.14488
26.24 0.144383
26.25 0.143875
26.26 0.143356
26.27 0.142826
26.28 0.142285
26.29 0.141733
26.3 0.141169
26.31 0.140595
26.32 0.140011
26.33 0.139415
26.34 0.138809
26.35 0.138192
26.36 0.137564
26.37 0.136926
26.38 0.136278
26.39 0.135619
26.4 0.13495
26.41 0.13427
26.42 0.13358
26.43 0.132881
26.44 0.132171
26.45 0.131451
26.46 0.130721
26.47 0.129981
26.48 0.129232
26.49 0.128472
26.5 0.127703
26.51 0.126925
26.52 0.126137
26.53 0.12534
26.54 0.124533
26.55 0.123717
26.56 0.122892
26.57 0.122057
26.58 0.121214
26.59 0.120362
26.6 0.119501
26.61 0.118631
26.62 0.117752
26.63 0.116865
26.64 0.115969
26.65 0.115065
26.66 0.114153
26.67 0.113232
26.68 0.112303
26.69 0.111366
26.7 0.110421
26.71 0.109468
26.72 0.108507
26.73 0.107539
26.74 0.106563
26.75 0.105579
26.76 0.104588
26.77 0.10359
26.78 0.102584
26.79 0.101571
26.8 0.100552
26.81 0.0995249
26.82 0.0984913
26.83 0.0974509
26.84 0.0964038
26.85 0.0953502
26.86 0.0942901
26.87 0.0932237
26.88 0.092151
26.89 0.0910721
26.9 0.0899872
26.91 0.0888963
26.92 0.0877996
26.93 0.0866971
26.94 0.085589
26.95 0.0844753
26.96 0.0833562
26.97 0.0822318
26.98 0.0811022
26.99 0.0799674
27 0.0788277
27.01 0.077683
27.02 0.0765335
27.03 0.0753794
27.04 0.0742207
27.05 0.0730575
27.06 0.07189
27.07 0.0707182
27.08 0.0695423
27.09 0.0683623
27.1 0.0671785
27.11 0.0659908
27.12 0.0647994
27.13 0.0636045
27.14 0.0624061
27.15 0.0612043
27.16 0.0599993
27.17 0.0587912
27.18 0.0575801
27.19 0.056366
27.2 0.0551492
27.21 0.0539297
27.22 0.0527076
27.23 0.0514831
27.24 0.0502563
27.25 0.0490272
27.26 0.0477961
27.27 0.046563
27.28 0.045328
27.29 0.0440912
27.3 0.0428528
27.31 0.0416129
27.32 0.0403717
27.33 0.0391291
27.34 0.0378853
27.35 0.0366405
27.36 0.0353948
27.37 0.0341483
27.38 0.032901
27.39 0.0316532
27.4 0.030405
27.41 0.0291563
27.42 0.0279075
27.43 0.0266586
27.44 0.0254096
27.45 0.0241608
27.46 0.0229123
27.47 0.0216641
27.48 0.0204164
27.49 0.0191692
27.5 0.0179229
27.51 0.0166773
27.52 0.0154327
27.53 0.0141892
27.54 0.0129469
27.55 0.0117058
27.56 0.0104662
27.57 0.00922816
27.58 0.00799176
27.59 0.00675713
27.6 0.00552439
27.61 0.00429366
27.62 0.00306504
27.63 0.00183867
27.64 0.000614643
27.65 -0.000606915
27.66 -0.00182589
27.67 -0.00304217
27.68 -0.00425564
27.69 -0.00546619
27.7 -0.0066737
27.71 -0.00787807
27.72 -0.00907917
27.73 -0.0102769
27.74 -0.0114711
27.75 -0.0126618
27.76 -0.0138487
27.77 -0.0150318
27.78 -0.016211
27.79 -0.0173861
27.8 -0.0185571
27.81 -0.0197238
27.82 -0.0208862
27.83 -0.0220441
27.84 -0.0231973
27.85 -0.0243459
27.86 -0.0254897
27.87 -0.0266286
27.88 -0.0277624
27.89 -0.0288911
27.9 -0.0300146
27.91 -0.0311328
27.92 -0.0322455
27.93 -0.0333527
27.94 -0.0344542
27.95 -0.03555
27.96 -0.0366399
27.97 -0.0377238
27.98 -0.0388017
27.99 -0.0398735
28 -0.0409389
28.01 -0.0419981
28.02 -0.0430507
28.03 -0.0440969
28.04 -0.0451363
28.05 -0.0461691
28.06 -0.0471949
28.07 -0.0482139
28.08 -0.0492258
28.09 -0.0502306
28.1 -0.0512281
28.11 -0.0522184
28.12 -0.0532012
28.13 -0.0541766
28.14 -0.0551443
28.15 -0.0561044
28.16 -0.0570567
28.17 -0.0580012
28.18 -0.0589377
28.19 -0.0598662
28.2 -0.0607866
28.21 -0.0616988
28.22 -0.0626027
28.23 -0.0634982
28.24 -0.0643853
28.25 -0.0652638
28.26 -0.0661337
28.27 -0.0669949
28.28 -0.0678473
28.29 -0.0686909
28.3 -0.0695255
28.31 -0.0703511
28.32 -0.0711675
28.33 -0.0719748
28.34 -0.0727729
28.35 -0.0735616
28.36 -0.0743409
28.37 -0.0751107
28.38 -0.075871
28.39 -0.0766216
28.4 -0.0773626
28.41 -0.0780937
28.42 -0.0788151
28.43 -0.0795265
28.44 -0.080228
28.45 -0.0809194
28.46 -0.0816007
28.47 -0.0822718
28.48 -0.0829327
28.49 -0.0835833
28.5 -0.0842235
28.51 -0.0848533
28.52 -0.0854726
28.53 -0.0860814
28.54 -0.0866796
28.55 -0.0872671
28.56 -0.0878439
28.57 -0.08841
28.58 -0.0889652
28.59 -0.0895095
28.6 -0.0900429
28.61 -0.0905654
28.62 -0.0910768
28.63 -0.0915771
28.64 -0.0920663
28.65 -0.0925443
28.66 -0.0930111
28.67 -0.0934666
28.68 -0.0939108
28.69 -0.0943437
28.7 -0.0947652
28.71 -0.0951752
28.72 -0.0955738
28.73 -0.0959608
28.74 -0.0963363
28.75 -0.0967002
28.76 -0.0970525
28.77 -0.0973932
28.78 -0.0977221
28.79 -0.0980394
28.8 -0.0983448
28.81 -0.0986385
28.82 -0.0989204
28.83 -0.0991905
28.84 -0.0994487
28.85 -0.099695
28.86 -0.0999294
28.87 -0.100152
28.88 -0.100362
28.89 -0.100561
28.9 -0.100747
28.91 -0.100922
28.92 -0.101085
28.93 -0.101235
28.94 -0.101373
28.95 -0.1015
28.96 -0.101614
28.97 -0.101716
28.98 -0.101806
28.99 -0.101884
29 -0.10195
29.01 -0.102004
29.02 -0.102045
29.03 -0.102075
29.04 -0.102092
29.05 -0.102097
29.06 -0.10209
29.07 -0.102071
29.08 -0.10204
29.09 -0.101997
29.1 -0.101941
29.11 -0.101874
29.12 -0.101794
29.13 -0.101702
29.14 -0.101598
29.15 -0.101482
29.16 -0.101354
29.17 -0.101214
29.18 -0.101061
29.19 -0.100897
29.2 -0.100721
29.21 -0.100532
29.22 -0.100332
29.23 -0.10012
29.24 -0.0998955
29.25 -0.0996592
29.26 -0.0994111
29.27 -0.0991511
29.28 -0.0988792
29.29 -0.0985955
29.3 -0.0983
29.31 -0.0979927
29.32 -0.0976737
29.33 -0.0973429
29.34 -0.0970005
29.35 -0.0966464
29.36 -0.0962807
29.37 -0.0959034
29.38 -0.0955146
29.39 -0.0951142
29.4 -0.0947024
29.41 -0.0942792
29.42 -0.0938446
29.43 -0.0933987
29.44 -0.0929414
29.45 -0.0924729
29.46 -0.0919932
29.47 -0.0915024
29.48 -0.0910004
29.49 -0.0904873
29.5 -0.0899633
29.51 -0.0894283
29.52 -0.0888823
29.53 -0.0883256
29.54 -0.087758
29.55 -0.0871796
29.56 -0.0865906
29.57 -0.0859909
29.58 -0.0853806
29.59 -0.0847598
29.6 -0.0841286
29.61 -0.0834869
29.62 -0.0828349
29.63 -0.0821726
29.64 -0.0815001
29.65 -0.0808175
29.66 -0.0801248
29.67 -0.079422
29.68 -0.0787093
29.69 -0.0779867
29.7 -0.0772544
29.71 -0.0765122
29.72 -0.0757604
29.73 -0.074999
29.74 -0.0742281
29.75 -0.0734477
29.76 -0.0726579
29.77 -0.0718588
29.78 -0.0710505
29.79 -0.0702331
29.8 -0.0694066
29.81 -0.0685711
29.82 -0.0677267
29.83 -0.0668734
29.84 -0.0660114
29.85 -0.0651408
29.86 -0.0642615
29.87 -0.0633738
29.88 -0.0624776
29.89 -0.0615731
29.9 -0.0606604
29.91 -0.0597395
29.92 -0.0588105
29.93 -0.0578736
29.94 -0.0569288
29.95 -0.0559761
29.96 -0.0550158
29.97 -0.0540478
29.98 -0.0530723
29.99 -0.0520893
