0 0.154849
0.01 0.154767
0.02 0.154673
0.03 0.154566
0.04 0.154447
0.05 0.154317
0.06 0.154175
0.07 0.154022
0.08 0.153858
0.09 0.153684
0.1 0.1535
0.11 0.153306
0.12 0.153104
0.13 0.152893
0.14 0.152675
0.15 0.15245
0.16 0.152218
0.17 0.151981
0.18 0.151738
0.19 0.151491
0.2 0.15124
0.21 0.150985
0.22 0.150727
0.23 0.150467
0.24 0.150205
0.25 0.149941
0.26 0.149676
0.27 0.149411
0.28 0.149146
0.29 0.14888
0.3 0.148615
0.31 0.148351
0.32 0.148088
0.33 0.147827
0.34 0.147567
0.35 0.147309
0.36 0.147053
0.37 0.1468
0.38 0.146549
0.39 0.146302
0.4 0.146058
0.41 0.145818
0.42 0.145581
0.43 0.145349
0.44 0.145122
0.45 0.1449
0.46 0.144683
0.47 0.144472
0.48 0.144267
0.49 0.144068
0.5 0.143877
0.51 0.143694
0.52 0.143518
0.53 0.14335
0.54 0.143191
0.55 0.143042
0.56 0.142901
0.57 0.142771
0.58 0.142651
0.59 0.142542
0.6 0.142444
0.61 0.142356
0.62 0.142281
0.63 0.142217
0.64 0.142165
0.65 0.142126
0.66 0.142099
0.67 0.142084
0.68 0.142082
0.69 0.142093
0.7 0.142116
0.71 0.142152
0.72 0.142201
0.73 0.142264
0.74 0.142339
0.75 0.142427
0.76 0.142527
0.77 0.142641
0.78 0.142768
0.79 0.142908
0.8 0.14306
0.81 0.143226
0.82 0.143404
0.83 0.143596
0.84 0.1438
0.85 0.144018
0.86 0.144248
0.87 0.144492
0.88 0.144748
0.89 0.145018
0.9 0.145301
0.91 0.145597
0.92 0.145906
0.93 0.146228
0.94 0.146564
0.95 0.146912
0.96 0.147274
0.97 0.147649
0.98 0.148037
0.99 0.148438
1 0.148851
1.01 0.149278
1.02 0.149717
1.03 0.150168
1.04 0.150632
1.05 0.151108
1.06 0.151595
1.07 0.152094
1.08 0.152605
1.09 0.153127
1.1 0.153659
1.11 0.154202
1.12 0.154756
1.13 0.155319
1.14 0.155892
1.15 0.156475
1.16 0.157067
1.17 0.157668
1.18 0.158278
1.19 0.158896
1.2 0.159522
1.21 0.160156
1.22 0.160798
1.23 0.161448
1.24 0.162105
1.25 0.162769
1.26 0.16344
1.27 0.164118
1.28 0.164803
1.29 0.165494
1.3 0.166192
1.31 0.166896
1.32 0.167606
1.33 0.168322
1.34 0.169044
1.35 0.169771
1.36 0.170504
1.37 0.171242
1.38 0.171986
1.39 0.172734
1.4 0.173487
1.41 0.174244
1.42 0.175006
1.43 0.175772
1.44 0.176542
1.45 0.177316
1.46 0.178092
1.47 0.178873
1.48 0.179656
1.49 0.180441
1.5 0.181229
1.51 0.18202
1.52 0.182812
1.53 0.183606
1.54 0.184401
1.55 0.185198
1.56 0.185996
1.57 0.186794
1.58 0.187593
1.59 0.188393
1.6 0.189193
1.61 0.189992
1.62 0.190792
1.63 0.191592
1.64 0.192391
1.65 0.193189
1.66 0.193987
1.67 0.194784
1.68 0.19558
1.69 0.196376
1.7 0.19717
1.71 0.197963
1.72 0.198754
1.73 0.199545
1.74 0.200333
1.75 0.201121
1.76 0.201906
1.77 0.20269
1.78 0.203471
1.79 0.204251
1.8 0.205028
1.81 0.205803
1.82 0.206576
1.83 0.207346
1.84 0.208113
1.85 0.208877
1.86 0.209638
1.87 0.210396
1.88 0.211151
1.89 0.211902
1.9 0.212649
1.91 0.213393
1.92 0.214132
1.93 0.214868
1.94 0.215599
1.95 0.216325
1.96 0.217047
1.97 0.217765
1.98 0.218478
1.99 0.219185
2 0.219888
2.01 0.220586
2.02 0.221278
2.03 0.221965
2.04 0.222647
2.05 0.223323
2.06 0.223994
2.07 0.22466
2.08 0.225319
2.09 0.225973
2.1 0.226622
2.11 0.227264
2.12 0.227901
2.13 0.228532
2.14 0.229157
2.15 0.229776
2.16 0.230388
2.17 0.230995
2.18 0.231596
2.19 0.23219
2.2 0.232778
2.21 0.23336
2.22 0.233935
2.23 0.234503
2.24 0.235065
2.25 0.23562
2.26 0.236168
2.27 0.236709
2.28 0.237243
2.29 0.23777
2.3 0.23829
2.31 0.238802
2.32 0.239306
2.33 0.239803
2.34 0.240293
2.35 0.240774
2.36 0.241247
2.37 0.241713
2.38 0.24217
2.39 0.242619
2.4 0.24306
2.41 0.243493
2.42 0.243917
2.43 0.244333
2.44 0.24474
2.45 0.245139
2.46 0.245529
2.47 0.24591
2.48 0.246283
2.49 0.246648
2.5 0.247004
2.51 0.247351
2.52 0.247689
2.53 0.248019
2.54 0.248339
2.55 0.248652
2.56 0.248955
2.57 0.24925
2.58 0.249536
2.59 0.249813
2.6 0.250082
2.61 0.250341
2.62 0.250592
2.63 0.250834
2.64 0.251067
2.65 0.251291
2.66 0.251506
2.67 0.251713
2.68 0.25191
2.69 0.252098
2.7 0.252277
2.71 0.252447
2.72 0.252608
2.73 0.25276
2.74 0.252903
2.75 0.253037
2.76 0.253162
2.77 0.253277
2.78 0.253383
2.79 0.25348
2.8 0.253568
2.81 0.253647
2.82 0.253717
2.83 0.253778
2.84 0.25383
2.85 0.253873
2.86 0.253907
2.87 0.253932
2.88 0.253948
2.89 0.253955
2.9 0.253954
2.91 0.253944
2.92 0.253925
2.93 0.253898
2.94 0.253862
2.95 0.253818
2.96 0.253765
2.97 0.253704
2.98 0.253635
2.99 0.253557
3 0.253471
3.01 0.253377
3.02 0.253275
3.03 0.253165
3.04 0.253046
3.05 0.252919
3.06 0.252785
3.07 0.252642
3.08 0.252491
3.09 0.252333
3.1 0.252166
3.11 0.251992
3.12 0.25181
3.13 0.25162
3.14 0.251422
3.15 0.251216
3.16 0.251003
3.17 0.250783
3.18 0.250555
3.19 0.250319
3.2 0.250076
3.21 0.249826
3.22 0.249569
3.23 0.249305
3.24 0.249033
3.25 0.248755
3.26 0.24847
3.27 0.248179
3.28 0.247881
3.29 0.247577
3.3 0.247266
3.31 0.246949
3.32 0.246626
3.33 0.246297
3.34 0.245962
3.35 0.245622
3.36 0.245275
3.37 0.244923
3.38 0.244566
3.39 0.244203
3.4 0.243835
3.41 0.243462
3.42 0.243083
3.43 0.2427
3.44 0.242311
3.45 0.241917
3.46 0.241519
3.47 0.241116
3.48 0.240707
3.49 0.240295
3.5 0.239877
3.51 0.239455
3.52 0.239029
3.53 0.238598
3.54 0.238163
3.55 0.237723
3.56 0.237279
3.57 0.236832
3.58 0.23638
3.59 0.235924
3.6 0.235465
3.61 0.235002
3.62 0.234535
3.63 0.234065
3.64 0.233592
3.65 0.233115
3.66 0.232636
3.67 0.232153
3.68 0.231668
3.69 0.23118
3.7 0.230689
3.71 0.230196
3.72 0.229701
3.73 0.229203
3.74 0.228704
3.75 0.228202
3.76 0.227699
3.77 0.227193
3.78 0.226687
3.79 0.226178
3.8 0.225668
3.81 0.225157
3.82 0.224644
3.83 0.22413
3.84 0.223615
3.85 0.223098
3.86 0.222581
3.87 0.222063
3.88 0.221544
3.89 0.221024
3.9 0.220503
3.91 0.219982
3.92 0.21946
3.93 0.218937
3.94 0.218414
3.95 0.217891
3.96 0.217368
3.97 0.216844
3.98 0.216321
3.99 0.215797
4 0.215274
4.01 0.214751
4.02 0.214229
4.03 0.213707
4.04 0.213186
4.05 0.212665
4.06 0.212146
4.07 0.211628
4.08 0.211111
4.09 0.210595
4.1 0.21008
4.11 0.209567
4.12 0.209056
4.13 0.208547
4.14 0.208039
4.15 0.207533
4.16 0.207029
4.17 0.206527
4.18 0.206028
4.19 0.20553
4.2 0.205035
4.21 0.204542
4.22 0.204051
4.23 0.203563
4.24 0.203077
4.25 0.202594
4.26 0.202113
4.27 0.201634
4.28 0.201158
4.29 0.200685
4.3 0.200214
4.31 0.199746
4.32 0.19928
4.33 0.198818
4.34 0.198357
4.35 0.1979
4.36 0.197445
4.37 0.196993
4.38 0.196543
4.39 0.196096
4.4 0.195652
4.41 0.195211
4.42 0.194772
4.43 0.194337
4.44 0.193903
4.45 0.193473
4.46 0.193045
4.47 0.192619
4.48 0.192196
4.49 0.191775
4.5 0.191356
4.51 0.190939
4.52 0.190525
4.53 0.190112
4.54 0.189701
4.55 0.189291
4.56 0.188883
4.57 0.188475
4.58 0.188069
4.59 0.187663
4.6 0.187258
4.61 0.186853
4.62 0.186448
4.63 0.186043
4.64 0.185637
4.65 0.185231
4.66 0.184823
4.67 0.184415
4.68 0.184005
4.69 0.183593
4.7 0.18318
4.71 0.182765
4.72 0.182347
4.73 0.181927
4.74 0.181505
4.75 0.18108
4.76 0.180652
4.77 0.180221
4.78 0.179787
4.79 0.17935
4.8 0.17891
4.81 0.178466
4.82 0.178019
4.83 0.177569
4.84 0.177115
4.85 0.176658
4.86 0.176197
4.87 0.175733
4.88 0.175266
4.89 0.174795
4.9 0.174321
4.91 0.173843
4.92 0.173363
4.93 0.172879
4.94 0.172393
4.95 0.171904
4.96 0.171412
4.97 0.170917
4.98 0.17042
4.99 0.169921
5 0.169419
5.01 0.168916
5.02 0.168411
5.03 0.167905
5.04 0.167397
5.05 0.166889
5.06 0.16638
5.07 0.16587
5.08 0.165361
5.09 0.164851
5.1 0.164342
5.11 0.163834
5.12 0.163327
5.13 0.162822
5.14 0.162318
5.15 0.161817
5.16 0.161318
5.17 0.160822
5.18 0.16033
5.19 0.15984
5.2 0.159355
5.21 0.158875
5.22 0.158398
5.23 0.157927
5.24 0.157461
5.25 0.157
5.26 0.156546
5.27 0.156097
5.28 0.155654
5.29 0.155218
5.3 0.154788
5.31 0.154365
5.32 0.153949
5.33 0.15354
5.34 0.153138
5.35 0.152744
5.36 0.152357
5.37 0.151977
5.38 0.151605
5.39 0.15124
5.4 0.150883
5.41 0.150534
5.42 0.150192
5.43 0.149858
5.44 0.149531
5.45 0.149213
5.46 0.148902
5.47 0.148599
5.48 0.148304
5.49 0.148017
5.5 0.147739
5.51 0.147468
5.52 0.147206
5.53 0.146952
5.54 0.146706
5.55 0.14647
5.56 0.146242
5.57 0.146023
5.58 0.145813
5.59 0.145613
5.6 0.145421
5.61 0.14524
5.62 0.145068
5.63 0.144907
5.64 0.144755
5.65 0.144614
5.66 0.144483
5.67 0.144363
5.68 0.144254
5.69 0.144156
5.7 0.144068
5.71 0.143992
5.72 0.143927
5.73 0.143873
5.74 0.143831
5.75 0.143799
5.76 0.14378
5.77 0.143771
5.78 0.143774
5.79 0.143788
5.8 0.143814
5.81 0.14385
5.82 0.143898
5.83 0.143956
5.84 0.144025
5.85 0.144105
5.86 0.144196
5.87 0.144296
5.88 0.144407
5.89 0.144528
5.9 0.144658
5.91 0.144799
5.92 0.144948
5.93 0.145107
5.94 0.145275
5.95 0.145451
5.96 0.145637
5.97 0.14583
5.98 0.146032
5.99 0.146242
6 0.146459
6.01 0.146684
6.02 0.146917
6.03 0.147157
6.04 0.147404
6.05 0.147657
6.06 0.147918
6.07 0.148185
6.08 0.148459
6.09 0.148739
6.1 0.149026
6.11 0.149318
6.12 0.149616
6.13 0.14992
6.14 0.15023
6.15 0.150546
6.16 0.150867
6.17 0.151193
6.18 0.151525
6.19 0.151862
6.2 0.152204
6.21 0.152552
6.22 0.152904
6.23 0.153261
6.24 0.153623
6.25 0.15399
6.26 0.154361
6.27 0.154737
6.28 0.155117
6.29 0.155501
6.3 0.15589
6.31 0.156283
6.32 0.156681
6.33 0.157082
6.34 0.157486
6.35 0.157895
6.36 0.158307
6.37 0.158723
6.38 0.159142
6.39 0.159564
6.4 0.159989
6.41 0.160418
6.42 0.160849
6.43 0.161282
6.44 0.161718
6.45 0.162156
6.46 0.162596
6.47 0.163039
6.48 0.163483
6.49 0.163928
6.5 0.164376
6.51 0.164824
6.52 0.165274
6.53 0.165724
6.54 0.166176
6.55 0.166628
6.56 0.167081
6.57 0.167535
6.58 0.167989
6.59 0.168444
6.6 0.168899
6.61 0.169354
6.62 0.16981
6.63 0.170266
6.64 0.170722
6.65 0.171178
6.66 0.171635
6.67 0.172092
6.68 0.172549
6.69 0.173006
6.7 0.173464
6.71 0.173922
6.72 0.17438
6.73 0.174839
6.74 0.175298
6.75 0.175758
6.76 0.176219
6.77 0.17668
6.78 0.177141
6.79 0.177603
6.8 0.178066
6.81 0.178529
6.82 0.178993
6.83 0.179458
6.84 0.179923
6.85 0.180388
6.86 0.180854
6.87 0.18132
6.88 0.181787
6.89 0.182254
6.9 0.18272
6.91 0.183187
6.92 0.183654
6.93 0.18412
6.94 0.184587
6.95 0.185052
6.96 0.185518
6.97 0.185982
6.98 0.186446
6.99 0.18691
7 0.187372
7.01 0.187833
7.02 0.188294
7.03 0.188753
7.04 0.189212
7.05 0.189669
7.06 0.190125
7.07 0.19058
7.08 0.191034
7.09 0.191487
7.1 0.191939
7.11 0.192389
7.12 0.192839
7.13 0.193288
7.14 0.193736
7.15 0.194183
7.16 0.19463
7.17 0.195076
7.18 0.195521
7.19 0.195966
7.2 0.19641
7.21 0.196854
7.22 0.197297
7.23 0.197741
7.24 0.198184
7.25 0.198626
7.26 0.199069
7.27 0.199511
7.28 0.199953
7.29 0.200395
7.3 0.200836
7.31 0.201277
7.32 0.201718
7.33 0.202158
7.34 0.202598
7.35 0.203038
7.36 0.203476
7.37 0.203914
7.38 0.204351
7.39 0.204787
7.4 0.205222
7.41 0.205657
7.42 0.206089
7.43 0.206521
7.44 0.206951
7.45 0.20738
7.46 0.207808
7.47 0.208234
7.48 0.208658
7.49 0.209081
7.5 0.209502
7.51 0.209922
7.52 0.21034
7.53 0.210756
7.54 0.21117
7.55 0.211583
7.56 0.211995
7.57 0.212404
7.58 0.212812
7.59 0.213219
7.6 0.213624
7.61 0.214028
7.62 0.21443
7.63 0.21483
7.64 0.215229
7.65 0.215627
7.66 0.216024
7.67 0.216419
7.68 0.216813
7.69 0.217205
7.7 0.217596
7.71 0.217985
7.72 0.218373
7.73 0.21876
7.74 0.219145
7.75 0.219528
7.76 0.219909
7.77 0.220289
7.78 0.220667
7.79 0.221043
7.8 0.221417
7.81 0.221788
7.82 0.222158
7.83 0.222525
7.84 0.22289
7.85 0.223252
7.86 0.223611
7.87 0.223968
7.88 0.224322
7.89 0.224673
7.9 0.225021
7.91 0.225366
7.92 0.225707
7.93 0.226046
7.94 0.226381
7.95 0.226713
7.96 0.227041
7.97 0.227366
7.98 0.227688
7.99 0.228006
8 0.22832
8.01 0.228631
8.02 0.228938
8.03 0.229242
8.04 0.229542
8.05 0.229838
8.06 0.23013
8.07 0.230419
8.08 0.230704
8.09 0.230984
8.1 0.231261
8.11 0.231534
8.12 0.231803
8.13 0.232068
8.14 0.232329
8.15 0.232586
8.16 0.232838
8.17 0.233086
8.18 0.23333
8.19 0.233569
8.2 0.233804
8.21 0.234035
8.22 0.234261
8.23 0.234482
8.24 0.234698
8.25 0.23491
8.26 0.235117
8.27 0.235318
8.28 0.235515
8.29 0.235707
8.3 0.235893
8.31 0.236075
8.32 0.236251
8.33 0.236421
8.34 0.236586
8.35 0.236746
8.36 0.2369
8.37 0.237049
8.38 0.237192
8.39 0.237329
8.4 0.23746
8.41 0.237586
8.42 0.237705
8.43 0.237819
8.44 0.237927
8.45 0.238028
8.46 0.238124
8.47 0.238214
8.48 0.238297
8.49 0.238375
8.5 0.238446
8.51 0.238511
8.52 0.23857
8.53 0.238622
8.54 0.238669
8.55 0.238708
8.56 0.238742
8.57 0.238769
8.58 0.23879
8.59 0.238805
8.6 0.238813
8.61 0.238815
8.62 0.23881
8.63 0.238799
8.64 0.238782
8.65 0.238758
8.66 0.238727
8.67 0.23869
8.68 0.238647
8.69 0.238597
8.7 0.238541
8.71 0.238478
8.72 0.238409
8.73 0.238333
8.74 0.23825
8.75 0.238161
8.76 0.238066
8.77 0.237964
8.78 0.237855
8.79 0.23774
8.8 0.237618
8.81 0.237489
8.82 0.237355
8.83 0.237213
8.84 0.237065
8.85 0.236911
8.86 0.23675
8.87 0.236584
8.88 0.23641
8.89 0.236231
8.9 0.236045
8.91 0.235853
8.92 0.235656
8.93 0.235452
8.94 0.235243
8.95 0.235028
8.96 0.234808
8.97 0.234582
8.98 0.234351
8.99 0.234115
9 0.233874
9.01 0.233628
9.02 0.233377
9.03 0.233122
9.04 0.232863
9.05 0.232599
9.06 0.232331
9.07 0.23206
9.08 0.231784
9.09 0.231505
9.1 0.231223
9.11 0.230937
9.12 0.230648
9.13 0.230356
9.14 0.230061
9.15 0.229763
9.16 0.229462
9.17 0.229159
9.18 0.228853
9.19 0.228544
9.2 0.228233
9.21 0.227919
9.22 0.227603
9.23 0.227285
9.24 0.226964
9.25 0.226641
9.26 0.226316
9.27 0.225988
9.28 0.225658
9.29 0.225326
9.3 0.224992
9.31 0.224656
9.32 0.224317
9.33 0.223976
9.34 0.223633
9.35 0.223288
9.36 0.222941
9.37 0.222591
9.38 0.222239
9.39 0.221884
9.4 0.221528
9.41 0.221169
9.42 0.220808
9.43 0.220444
9.44 0.220078
9.45 0.21971
9.46 0.219339
9.47 0.218965
9.48 0.218589
9.49 0.218211
9.5 0.217829
9.51 0.217445
9.52 0.217058
9.53 0.216668
9.54 0.216275
9.55 0.215879
9.56 0.21548
9.57 0.215077
9.58 0.214671
9.59 0.214261
9.6 0.213848
9.61 0.213431
9.62 0.213011
9.63 0.212586
9.64 0.212157
9.65 0.211725
9.66 0.211288
9.67 0.210847
9.68 0.210402
9.69 0.209952
9.7 0.209499
9.71 0.209041
9.72 0.208579
9.73 0.208113
9.74 0.207643
9.75 0.207168
9.76 0.20669
9.77 0.206208
9.78 0.205722
9.79 0.205233
9.8 0.20474
9.81 0.204244
9.82 0.203745
9.83 0.203244
9.84 0.202739
9.85 0.202232
9.86 0.201724
9.87 0.201213
9.88 0.2007
9.89 0.200186
9.9 0.199671
9.91 0.199155
9.92 0.198638
9.93 0.19812
9.94 0.197602
9.95 0.197084
9.96 0.196565
9.97 0.196047
9.98 0.19553
9.99 0.195013
10 0.194496
10.01 0.19398
10.02 0.193465
10.03 0.192951
10.04 0.192438
10.05 0.191926
10.06 0.191416
10.07 0.190907
10.08 0.190399
10.09 0.189892
10.1 0.189387
10.11 0.188884
10.12 0.188382
10.13 0.187882
10.14 0.187383
10.15 0.186886
10.16 0.186392
10.17 0.185899
10.18 0.185408
10.19 0.184919
10.2 0.184433
10.21 0.183948
10.22 0.183466
10.23 0.182987
10.24 0.18251
10.25 0.182036
10.26 0.181565
10.27 0.181097
10.28 0.180632
10.29 0.18017
10.3 0.179712
10.31 0.179257
10.32 0.178806
10.33 0.178358
10.34 0.177914
10.35 0.177475
10.36 0.177039
10.37 0.176607
10.38 0.17618
10.39 0.175757
10.4 0.175338
10.41 0.174924
10.42 0.174514
10.43 0.174109
10.44 0.173709
10.45 0.173314
10.46 0.172923
10.47 0.172538
10.48 0.172158
10.49 0.171782
10.5 0.171412
10.51 0.171048
10.52 0.170688
10.53 0.170334
10.54 0.169986
10.55 0.169644
10.56 0.169307
10.57 0.168977
10.58 0.168652
10.59 0.168334
10.6 0.168022
10.61 0.167716
10.62 0.167417
10.63 0.167124
10.64 0.166839
10.65 0.16656
10.66 0.166288
10.67 0.166023
10.68 0.165765
10.69 0.165514
10.7 0.165271
10.71 0.165035
10.72 0.164806
10.73 0.164584
10.74 0.164369
10.75 0.164162
10.76 0.163961
10.77 0.163768
10.78 0.163582
10.79 0.163402
10.8 0.163229
10.81 0.163063
10.82 0.162903
10.83 0.162749
10.84 0.162601
10.85 0.162459
10.86 0.162323
10.87 0.162193
10.88 0.162068
10.89 0.161948
10.9 0.161834
10.91 0.161724
10.92 0.161619
10.93 0.161519
10.94 0.161423
10.95 0.161332
10.96 0.161245
10.97 0.161162
10.98 0.161084
10.99 0.16101
11 0.16094
11.01 0.160874
11.02 0.160813
11.03 0.160755
11.04 0.160702
11.05 0.160653
11.06 0.160608
11.07 0.160568
11.08 0.160532
11.09 0.1605
11.1 0.160473
11.11 0.16045
11.12 0.160432
11.13 0.160419
11.14 0.16041
11.15 0.160406
11.16 0.160407
11.17 0.160412
11.18 0.160422
11.19 0.160436
11.2 0.160455
11.21 0.160478
11.22 0.160506
11.23 0.160538
11.24 0.160574
11.25 0.160615
11.26 0.160659
11.27 0.160707
11.28 0.160758
11.29 0.160813
11.3 0.160871
11.31 0.160933
11.32 0.160997
11.33 0.161064
11.34 0.161134
11.35 0.161206
11.36 0.161281
11.37 0.161357
11.38 0.161436
11.39 0.161516
11.4 0.161599
11.41 0.161683
11.42 0.161768
11.43 0.161855
11.44 0.161943
11.45 0.162033
11.46 0.162124
11.47 0.162216
11.48 0.162309
11.49 0.162403
11.5 0.162499
11.51 0.162595
11.52 0.162693
11.53 0.162791
11.54 0.162891
11.55 0.162992
11.56 0.163093
11.57 0.163196
11.58 0.1633
11.59 0.163405
11.6 0.163511
11.61 0.163618
11.62 0.163725
11.63 0.163834
11.64 0.163944
11.65 0.164055
11.66 0.164167
11.67 0.16428
11.68 0.164394
11.69 0.164509
11.7 0.164624
11.71 0.164741
11.72 0.164859
11.73 0.164977
11.74 0.165096
11.75 0.165216
11.76 0.165337
11.77 0.165459
11.78 0.165582
11.79 0.165705
11.8 0.16583
11.81 0.165955
11.82 0.166081
11.83 0.166207
11.84 0.166335
11.85 0.166463
11.86 0.166592
11.87 0.166722
11.88 0.166853
11.89 0.166984
11.9 0.167117
11.91 0.16725
11.92 0.167384
11.93 0.167518
11.94 0.167653
11.95 0.167789
11.96 0.167926
11.97 0.168063
11.98 0.168201
11.99 0.168339
12 0.168478
12.01 0.168618
12.02 0.168758
12.03 0.168898
12.04 0.169038
12.05 0.169179
12.06 0.16932
12.07 0.169462
12.08 0.169604
12.09 0.169745
12.1 0.169887
12.11 0.17003
12.12 0.170172
12.13 0.170315
12.14 0.170457
12.15 0.1706
12.16 0.170744
12.17 0.170887
12.18 0.171031
12.19 0.171175
12.2 0.171319
12.21 0.171465
12.22 0.17161
12.23 0.171757
12.24 0.171904
12.25 0.172052
12.26 0.172201
12.27 0.17235
12.28 0.172501
12.29 0.172654
12.3 0.172807
12.31 0.172962
12.32 0.173118
12.33 0.173276
12.34 0.173435
12.35 0.173596
12.36 0.173759
12.37 0.173923
12.38 0.174089
12.39 0.174257
12.4 0.174426
12.41 0.174597
12.42 0.17477
12.43 0.174944
12.44 0.17512
12.45 0.175297
12.46 0.175476
12.47 0.175657
12.48 0.175839
12.49 0.176022
12.5 0.176206
12.51 0.176392
12.52 0.176579
12.53 0.176767
12.54 0.176956
12.55 0.177146
12.56 0.177338
12.57 0.17753
12.58 0.177724
12.59 0.177918
12.6 0.178114
12.61 0.178311
12.62 0.178509
12.63 0.178708
12.64 0.178909
12.65 0.179111
12.66 0.179314
12.67 0.179519
12.68 0.179726
12.69 0.179934
12.7 0.180145
12.71 0.180357
12.72 0.180571
12.73 0.180788
12.74 0.181007
12.75 0.181228
12.76 0.181451
12.77 0.181677
12.78 0.181905
12.79 0.182136
12.8 0.18237
12.81 0.182606
12.82 0.182845
12.83 0.183086
12.84 0.18333
12.85 0.183577
12.86 0.183826
12.87 0.184078
12.88 0.184333
12.89 0.18459
12.9 0.184849
12.91 0.185111
12.92 0.185374
12.93 0.185641
12.94 0.185909
12.95 0.186179
12.96 0.186451
12.97 0.186725
12.98 0.187001
12.99 0.187279
13 0.187558
13.01 0.18784
13.02 0.188122
13.03 0.188407
13.04 0.188692
13.05 0.18898
13.06 0.189268
13.07 0.189558
13.08 0.18985
13.09 0.190143
13.1 0.190437
13.11 0.190733
13.12 0.19103
13.13 0.191329
13.14 0.191629
13.15 0.19193
13.16 0.192232
13.17 0.192536
13.18 0.192842
13.19 0.193148
13.2 0.193456
13.21 0.193765
13.22 0.194076
13.23 0.194387
13.24 0.1947
13.25 0.195014
13.26 0.195329
13.27 0.195645
13.28 0.195962
13.29 0.19628
13.3 0.196598
13.31 0.196917
13.32 0.197237
13.33 0.197557
13.34 0.197877
13.35 0.198198
13.36 0.198519
13.37 0.19884
13.38 0.19916
13.39 0.199481
13.4 0.199801
13.41 0.20012
13.42 0.200439
13.43 0.200757
13.44 0.201075
13.45 0.201391
13.46 0.201706
13.47 0.202021
13.48 0.202334
13.49 0.202646
13.5 0.202956
13.51 0.203265
13.52 0.203573
13.53 0.203879
13.54 0.204183
13.55 0.204486
13.56 0.204787
13.57 0.205087
13.58 0.205385
13.59 0.205681
13.6 0.205975
13.61 0.206268
13.62 0.206559
13.63 0.206848
13.64 0.207136
13.65 0.207422
13.66 0.207706
13.67 0.207989
13.68 0.20827
13.69 0.208549
13.7 0.208827
13.71 0.209103
13.72 0.209378
13.73 0.209651
13.74 0.209923
13.75 0.210193
13.76 0.210463
13.77 0.21073
13.78 0.210997
13.79 0.211262
13.8 0.211526
13.81 0.211788
13.82 0.21205
13.83 0.21231
13.84 0.212569
13.85 0.212827
13.86 0.213084
13.87 0.213339
13.88 0.213594
13.89 0.213847
13.9 0.2141
13.91 0.214351
13.92 0.214601
13.93 0.214851
13.94 0.215099
13.95 0.215346
13.96 0.215592
13.97 0.215838
13.98 0.216082
13.99 0.216325
14 0.216567
14.01 0.216808
14.02 0.217048
14.03 0.217287
14.04 0.217524
14.05 0.217761
14.06 0.217996
14.07 0.218231
14.08 0.218464
14.09 0.218695
14.1 0.218926
14.11 0.219155
14.12 0.219382
14.13 0.219609
14.14 0.219833
14.15 0.220056
14.16 0.220277
14.17 0.220497
14.18 0.220715
14.19 0.22093
14.2 0.221144
14.21 0.221356
14.22 0.221565
14.23 0.221773
14.24 0.221977
14.25 0.22218
14.26 0.222379
14.27 0.222576
14.28 0.22277
14.29 0.222961
14.3 0.223149
14.31 0.223334
14.32 0.223515
14.33 0.223693
14.34 0.223867
14.35 0.224038
14.36 0.224205
14.37 0.224368
14.38 0.224527
14.39 0.224682
14.4 0.224833
14.41 0.224979
14.42 0.225121
14.43 0.225259
14.44 0.225392
14.45 0.225521
14.46 0.225645
14.47 0.225764
14.48 0.225879
14.49 0.225989
14.5 0.226094
14.51 0.226194
14.52 0.226289
14.53 0.226379
14.54 0.226465
14.55 0.226545
14.56 0.226621
14.57 0.226692
14.58 0.226758
14.59 0.226819
14.6 0.226875
14.61 0.226927
14.62 0.226974
14.63 0.227016
14.64 0.227053
14.65 0.227086
14.66 0.227114
14.67 0.227138
14.68 0.227157
14.69 0.227172
14.7 0.227183
14.71 0.227189
14.72 0.227191
14.73 0.227189
14.74 0.227183
14.75 0.227173
14.76 0.227159
14.77 0.227141
14.78 0.227119
14.79 0.227094
14.8 0.227064
14.81 0.227031
14.82 0.226994
14.83 0.226953
14.84 0.226909
14.85 0.226861
14.86 0.22681
14.87 0.226754
14.88 0.226695
14.89 0.226632
14.9 0.226566
14.91 0.226496
14.92 0.226422
14.93 0.226344
14.94 0.226263
14.95 0.226177
14.96 0.226088
14.97 0.225995
14.98 0.225898
14.99 0.225797
15 0.225692
15.01 0.225583
15.02 0.22547
15.03 0.225353
15.04 0.225232
15.05 0.225106
15.06 0.224977
15.07 0.224844
15.08 0.224707
15.09 0.224566
15.1 0.224421
15.11 0.224272
15.12 0.224119
15.13 0.223962
15.14 0.223802
15.15 0.223637
15.16 0.22347
15.17 0.223298
15.18 0.223123
15.19 0.222945
15.2 0.222763
15.21 0.222578
15.22 0.22239
15.23 0.222199
15.24 0.222004
15.25 0.221806
15.26 0.221606
15.27 0.221402
15.28 0.221196
15.29 0.220987
15.3 0.220775
15.31 0.22056
15.32 0.220343
15.33 0.220123
15.34 0.219901
15.35 0.219676
15.36 0.219448
15.37 0.219219
15.38 0.218986
15.39 0.218752
15.4 0.218515
15.41 0.218275
15.42 0.218034
15.43 0.21779
15.44 0.217545
15.45 0.217297
15.46 0.217047
15.47 0.216796
15.48 0.216542
15.49 0.216287
15.5 0.21603
15.51 0.215771
15.52 0.215511
15.53 0.215249
15.54 0.214986
15.55 0.214721
15.56 0.214456
15.57 0.214189
15.58 0.213921
15.59 0.213652
15.6 0.213382
15.61 0.213112
15.62 0.212841
15.63 0.212569
15.64 0.212296
15.65 0.212023
15.66 0.211749
15.67 0.211475
15.68 0.2112
15.69 0.210925
15.7 0.210649
15.71 0.210373
15.72 0.210097
15.73 0.20982
15.74 0.209542
15.75 0.209264
15.76 0.208986
15.77 0.208707
15.78 0.208427
15.79 0.208147
15.8 0.207867
15.81 0.207585
15.82 0.207303
15.83 0.207021
15.84 0.206737
15.85 0.206453
15.86 0.206168
15.87 0.205883
15.88 0.205597
15.89 0.20531
15.9 0.205023
15.91 0.204735
15.92 0.204447
15.93 0.204158
15.94 0.203869
15.95 0.20358
15.96 0.203291
15.97 0.203002
15.98 0.202713
15.99 0.202424
16 0.202135
16.01 0.201847
16.02 0.20156
16.03 0.201273
16.04 0.200987
16.05 0.200702
16.06 0.200418
16.07 0.200135
16.08 0.199853
16.09 0.199572
16.1 0.199293
16.11 0.199015
16.12 0.198738
16.13 0.198462
16.14 0.198188
16.15 0.197916
16.16 0.197644
16.17 0.197374
16.18 0.197105
16.19 0.196837
16.2 0.196571
16.21 0.196305
16.22 0.19604
16.23 0.195777
16.24 0.195513
16.25 0.195251
16.26 0.194989
16.27 0.194728
16.28 0.194467
16.29 0.194206
16.3 0.193946
16.31 0.193686
16.32 0.193426
16.33 0.193166
16.34 0.192906
16.35 0.192646
16.36 0.192386
16.37 0.192127
16.38 0.191867
16.39 0.191608
16.4 0.191349
16.41 0.191089
16.42 0.190831
16.43 0.190572
16.44 0.190314
16.45 0.190056
16.46 0.189798
16.47 0.189542
16.48 0.189285
16.49 0.18903
16.5 0.188775
16.51 0.188521
16.52 0.188268
16.53 0.188016
16.54 0.187765
16.55 0.187514
16.56 0.187265
16.57 0.187017
16.58 0.18677
16.59 0.186524
16.6 0.186279
16.61 0.186036
16.62 0.185793
16.63 0.185551
16.64 0.18531
16.65 0.185071
16.66 0.184832
16.67 0.184594
16.68 0.184357
16.69 0.184121
16.7 0.183886
16.71 0.183651
16.72 0.183417
16.73 0.183185
16.74 0.182952
16.75 0.182721
16.76 0.182491
16.77 0.182261
16.78 0.182032
16.79 0.181804
16.8 0.181576
16.81 0.18135
16.82 0.181125
16.83 0.1809
16.84 0.180676
16.85 0.180454
16.86 0.180233
16.87 0.180012
16.88 0.179793
16.89 0.179575
16.9 0.179359
16.91 0.179143
16.92 0.178929
16.93 0.178717
16.94 0.178506
16.95 0.178296
16.96 0.178088
16.97 0.177881
16.98 0.177676
16.99 0.177472
17 0.17727
17.01 0.17707
17.02 0.176871
17.03 0.176674
17.04 0.176478
17.05 0.176284
17.06 0.176091
17.07 0.175901
17.08 0.175712
17.09 0.175524
17.1 0.175339
17.11 0.175155
17.12 0.174973
17.13 0.174794
17.14 0.174616
17.15 0.17444
17.16 0.174266
17.17 0.174095
17.18 0.173926
17.19 0.173759
17.2 0.173595
17.21 0.173434
17.22 0.173275
17.23 0.173119
17.24 0.172965
17.25 0.172815
17.26 0.172668
17.27 0.172524
17.28 0.172383
17.29 0.172246
17.3 0.172112
17.31 0.171981
17.32 0.171854
17.33 0.17173
17.34 0.17161
17.35 0.171493
17.36 0.17138
17.37 0.17127
17.38 0.171164
17.39 0.171062
17.4 0.170963
17.41 0.170868
17.42 0.170776
17.43 0.170688
17.44 0.170603
17.45 0.170522
17.46 0.170444
17.47 0.170369
17.48 0.170298
17.49 0.17023
17.5 0.170165
17.51 0.170104
17.52 0.170046
17.53 0.169992
17.54 0.169941
17.55 0.169893
17.56 0.169849
17.57 0.169808
17.58 0.169771
17.59 0.169738
17.6 0.169708
17.61 0.169682
17.62 0.16966
17.63 0.169642
17.64 0.169628
17.65 0.169618
17.66 0.169613
17.67 0.169612
17.68 0.169615
17.69 0.169623
17.7 0.169636
17.71 0.169653
17.72 0.169676
17.73 0.169703
17.74 0.169735
17.75 0.169773
17.76 0.169815
17.77 0.169863
17.78 0.169916
17.79 0.169974
17.8 0.170037
17.81 0.170106
17.82 0.170179
17.83 0.170258
17.84 0.170343
17.85 0.170432
17.86 0.170526
17.87 0.170626
17.88 0.17073
17.89 0.170839
17.9 0.170954
17.91 0.171073
17.92 0.171196
17.93 0.171325
17.94 0.171458
17.95 0.171595
17.96 0.171737
17.97 0.171883
17.98 0.172033
17.99 0.172188
18 0.172347
18.01 0.17251
18.02 0.172677
18.03 0.172847
18.04 0.173022
18.05 0.173201
18.06 0.173383
18.07 0.173568
18.08 0.173758
18.09 0.173951
18.1 0.174147
18.11 0.174347
18.12 0.17455
18.13 0.174756
18.14 0.174966
18.15 0.175178
18.16 0.175394
18.17 0.175612
18.18 0.175833
18.19 0.176057
18.2 0.176283
18.21 0.176512
18.22 0.176743
18.23 0.176977
18.24 0.177213
18.25 0.17745
18.26 0.17769
18.27 0.177932
18.28 0.178175
18.29 0.178419
18.3 0.178666
18.31 0.178913
18.32 0.179162
18.33 0.179411
18.34 0.179662
18.35 0.179913
18.36 0.180165
18.37 0.180417
18.38 0.18067
18.39 0.180923
18.4 0.181176
18.41 0.181429
18.42 0.181682
18.43 0.181935
18.44 0.182187
18.45 0.182439
18.46 0.18269
18.47 0.18294
18.48 0.183189
18.49 0.183438
18.5 0.183685
18.51 0.183931
18.52 0.184176
18.53 0.18442
18.54 0.184662
18.55 0.184903
18.56 0.185142
18.57 0.18538
18.58 0.185616
18.59 0.185851
18.6 0.186084
18.61 0.186315
18.62 0.186545
18.63 0.186773
18.64 0.186999
18.65 0.187225
18.66 0.187448
18.67 0.187671
18.68 0.187892
18.69 0.188112
18.7 0.188331
18.71 0.188549
18.72 0.188766
18.73 0.188982
18.74 0.189198
18.75 0.189412
18.76 0.189627
18.77 0.189841
18.78 0.190055
18.79 0.190268
18.8 0.190482
18.81 0.190696
18.82 0.190909
18.83 0.191123
18.84 0.191337
18.85 0.191551
18.86 0.191766
18.87 0.191981
18.88 0.192196
18.89 0.192412
18.9 0.192628
18.91 0.192844
18.92 0.193061
18.93 0.193278
18.94 0.193495
18.95 0.193712
18.96 0.19393
18.97 0.194148
18.98 0.194366
18.99 0.194584
19 0.194802
19.01 0.195021
19.02 0.195239
19.03 0.195456
19.04 0.195674
19.05 0.195892
19.06 0.196109
19.07 0.196326
19.08 0.196542
19.09 0.196758
19.1 0.196974
19.11 0.19719
19.12 0.197405
19.13 0.19762
19.14 0.197834
19.15 0.198048
19.16 0.198261
19.17 0.198474
19.18 0.198687
19.19 0.198899
19.2 0.199111
19.21 0.199322
19.22 0.199533
19.23 0.199743
19.24 0.199953
19.25 0.200162
19.26 0.200371
19.27 0.200579
19.28 0.200787
19.29 0.200994
19.3 0.2012
19.31 0.201405
19.32 0.201609
19.33 0.201813
19.34 0.202015
19.35 0.202216
19.36 0.202416
19.37 0.202615
19.38 0.202813
19.39 0.203009
19.4 0.203204
19.41 0.203397
19.42 0.203588
19.43 0.203778
19.44 0.203967
19.45 0.204153
19.46 0.204338
19.47 0.204521
19.48 0.204702
19.49 0.204882
19.5 0.20506
19.51 0.205236
19.52 0.20541
19.53 0.205583
19.54 0.205754
19.55 0.205923
19.56 0.206091
19.57 0.206257
19.58 0.206422
19.59 0.206586
19.6 0.206748
19.61 0.206908
19.62 0.207067
19.63 0.207225
19.64 0.207382
19.65 0.207538
19.66 0.207692
19.67 0.207845
19.68 0.207997
19.69 0.208147
19.7 0.208296
19.71 0.208444
19.72 0.208591
19.73 0.208736
19.74 0.20888
19.75 0.209022
19.76 0.209163
19.77 0.209303
19.78 0.20944
19.79 0.209576
19.8 0.209711
19.81 0.209843
19.82 0.209974
19.83 0.210102
19.84 0.210229
19.85 0.210353
19.86 0.210476
19.87 0.210597
19.88 0.210715
19.89 0.210831
19.9 0.210945
19.91 0.211057
19.92 0.211167
19.93 0.211275
19.94 0.21138
19.95 0.211483
19.96 0.211584
19.97 0.211683
19.98 0.21178
19.99 0.211875
20 0.211967
20.01 0.212058
20.02 0.212146
20.03 0.212233
20.04 0.212317
20.05 0.212399
20.06 0.212479
20.07 0.212557
20.08 0.212634
20.09 0.212708
20.1 0.21278
20.11 0.21285
20.12 0.212918
20.13 0.212984
20.14 0.213048
20.15 0.21311
20.16 0.21317
20.17 0.213228
20.18 0.213284
20.19 0.213338
20.2 0.21339
20.21 0.21344
20.22 0.213488
20.23 0.213535
20.24 0.213579
20.25 0.213622
20.26 0.213663
20.27 0.213702
20.28 0.213739
20.29 0.213775
20.3 0.213809
20.31 0.213842
20.32 0.213873
20.33 0.213902
20.34 0.213931
20.35 0.213958
20.36 0.213984
20.37 0.214008
20.38 0.214031
20.39 0.214053
20.4 0.214074
20.41 0.214094
20.42 0.214112
20.43 0.21413
20.44 0.214146
20.45 0.214161
20.46 0.214174
20.47 0.214186
20.48 0.214197
20.49 0.214207
20.5 0.214215
20.51 0.214221
20.52 0.214225
20.53 0.214228
20.54 0.214229
20.55 0.214229
20.56 0.214226
20.57 0.214221
20.58 0.214214
20.59 0.214205
20.6 0.214194
20.61 0.21418
20.62 0.214165
20.63 0.214147
20.64 0.214126
20.65 0.214104
20.66 0.214079
20.67 0.214053
20.68 0.214024
20.69 0.213992
20.7 0.213959
20.71 0.213924
20.72 0.213888
20.73 0.213849
20.74 0.213809
20.75 0.213767
20.76 0.213724
20.77 0.213679
20.78 0.213633
20.79 0.213586
20.8 0.213538
20.81 0.213489
20.82 0.213439
20.83 0.213388
20.84 0.213337
20.85 0.213284
20.86 0.213231
20.87 0.213178
20.88 0.213123
20.89 0.213068
20.9 0.213013
20.91 0.212956
20.92 0.212899
20.93 0.212841
20.94 0.212783
20.95 0.212723
20.96 0.212663
20.97 0.212602
20.98 0.212539
20.99 0.212476
21 0.212411
21.01 0.212345
21.02 0.212278
21.03 0.212209
21.04 0.21214
21.05 0.212068
21.06 0.211996
21.07 0.211922
21.08 0.211846
21.09 0.211769
21.1 0.211691
21.11 0.211612
21.12 0.211531
21.13 0.211448
21.14 0.211365
21.15 0.21128
21.16 0.211194
21.17 0.211106
21.18 0.211018
21.19 0.210928
21.2 0.210838
21.21 0.210747
21.22 0.210654
21.23 0.210561
21.24 0.210466
21.25 0.210371
21.26 0.210275
21.27 0.210178
21.28 0.21008
21.29 0.209982
21.3 0.209882
21.31 0.209781
21.32 0.209679
21.33 0.209577
21.34 0.209473
21.35 0.209367
21.36 0.209261
21.37 0.209153
21.38 0.209044
21.39 0.208934
21.4 0.208822
21.41 0.208708
21.42 0.208593
21.43 0.208477
21.44 0.208359
21.45 0.208239
21.46 0.208118
21.47 0.207995
21.48 0.207871
21.49 0.207745
21.5 0.207617
21.51 0.207489
21.52 0.207358
21.53 0.207227
21.54 0.207094
21.55 0.20696
21.56 0.206825
21.57 0.206689
21.58 0.206551
21.59 0.206413
21.6 0.206274
21.61 0.206135
21.62 0.205994
21.63 0.205853
21.64 0.205711
21.65 0.205568
21.66 0.205425
21.67 0.205281
21.68 0.205137
21.69 0.204992
21.7 0.204846
21.71 0.2047
21.72 0.204552
21.73 0.204404
21.74 0.204255
21.75 0.204105
21.76 0.203954
21.77 0.203802
21.78 0.203648
21.79 0.203493
21.8 0.203337
21.81 0.203179
21.82 0.20302
21.83 0.202859
21.84 0.202697
21.85 0.202532
21.86 0.202366
21.87 0.202198
21.88 0.202028
21.89 0.201857
21.9 0.201683
21.91 0.201508
21.92 0.201331
21.93 0.201152
21.94 0.200971
21.95 0.200789
21.96 0.200605
21.97 0.200419
21.98 0.200232
21.99 0.200044
22 0.199854
22.01 0.199663
22.02 0.199471
22.03 0.199278
22.04 0.199084
22.05 0.198889
22.06 0.198693
22.07 0.198497
22.08 0.1983
22.09 0.198103
22.1 0.197905
22.11 0.197706
22.12 0.197507
22.13 0.197308
22.14 0.197108
22.15 0.196908
22.16 0.196707
22.17 0.196506
22.18 0.196305
22.19 0.196103
22.2 0.195901
22.21 0.195698
22.22 0.195495
22.23 0.195291
22.24 0.195087
22.25 0.194882
22.26 0.194677
22.27 0.19447
22.28 0.194264
22.29 0.194056
22.3 0.193848
22.31 0.193639
22.32 0.193429
22.33 0.193218
22.34 0.193007
22.35 0.192795
22.36 0.192583
22.37 0.19237
22.38 0.192156
22.39 0.191942
22.4 0.191728
22.41 0.191513
22.42 0.191298
22.43 0.191082
22.44 0.190866
22.45 0.190651
22.46 0.190435
22.47 0.190219
22.48 0.190004
22.49 0.189788
22.5 0.189573
22.51 0.189359
22.52 0.189145
22.53 0.188931
22.54 0.188718
22.55 0.188506
22.56 0.188295
22.57 0.188085
22.58 0.187875
22.59 0.187667
22.6 0.18746
22.61 0.187254
22.62 0.187049
22.63 0.186846
22.64 0.186644
22.65 0.186443
22.66 0.186245
22.67 0.186047
22.68 0.185852
22.69 0.185658
22.7 0.185466
22.71 0.185276
22.72 0.185088
22.73 0.184902
22.74 0.184717
22.75 0.184535
22.76 0.184355
22.77 0.184178
22.78 0.184002
22.79 0.183829
22.8 0.183658
22.81 0.183489
22.82 0.183322
22.83 0.183158
22.84 0.182996
22.85 0.182836
22.86 0.182679
22.87 0.182523
22.88 0.18237
22.89 0.182219
22.9 0.18207
22.91 0.181923
22.92 0.181778
22.93 0.181635
22.94 0.181493
22.95 0.181354
22.96 0.181216
22.97 0.18108
22.98 0.180946
22.99 0.180813
23 0.180681
23.01 0.180551
23.02 0.180422
23.03 0.180295
23.04 0.180169
23.05 0.180044
23.06 0.17992
23.07 0.179797
23.08 0.179676
23.09 0.179555
23.1 0.179436
23.11 0.179318
23.12 0.1792
23.13 0.179084
23.14 0.178968
23.15 0.178854
23.16 0.17874
23.17 0.178628
23.18 0.178516
23.19 0.178405
23.2 0.178295
23.21 0.178186
23.22 0.178077
23.23 0.17797
23.24 0.177863
23.25 0.177757
23.26 0.177651
23.27 0.177547
23.28 0.177442
23.29 0.177339
23.3 0.177235
23.31 0.177133
23.32 0.17703
23.33 0.176928
23.34 0.176827
23.35 0.176725
23.36 0.176624
23.37 0.176524
23.38 0.176423
23.39 0.176323
23.4 0.176223
23.41 0.176123
23.42 0.176024
23.43 0.175925
23.44 0.175826
23.45 0.175728
23.46 0.17563
23.47 0.175533
23.48 0.175436
23.49 0.17534
23.5 0.175245
23.51 0.175151
23.52 0.175058
23.53 0.174967
23.54 0.174876
23.55 0.174788
23.56 0.1747
23.57 0.174615
23.58 0.174531
23.59 0.17445
23.6 0.174371
23.61 0.174293
23.62 0.174219
23.63 0.174147
23.64 0.174077
23.65 0.17401
23.66 0.173946
23.67 0.173885
23.68 0.173827
23.69 0.173772
23.7 0.17372
23.71 0.173671
23.72 0.173626
23.73 0.173583
23.74 0.173544
23.75 0.173509
23.76 0.173476
23.77 0.173447
23.78 0.173422
23.79 0.173399
23.8 0.173381
23.81 0.173365
23.82 0.173353
23.83 0.173344
23.84 0.173339
23.85 0.173337
23.86 0.173339
23.87 0.173344
23.88 0.173352
23.89 0.173364
23.9 0.173379
23.91 0.173397
23.92 0.173419
23.93 0.173444
23.94 0.173472
23.95 0.173504
23.96 0.173539
23.97 0.173577
23.98 0.173618
23.99 0.173663
24 0.17371
24.01 0.173761
24.02 0.173815
24.03 0.173872
24.04 0.173932
24.05 0.173995
24.06 0.17406
24.07 0.174129
24.08 0.1742
24.09 0.174274
24.1 0.17435
24.11 0.174429
24.12 0.174511
24.13 0.174595
24.14 0.174681
24.15 0.17477
24.16 0.174861
24.17 0.174954
24.18 0.17505
24.19 0.175147
24.2 0.175247
24.21 0.175349
24.22 0.175453
24.23 0.17556
24.24 0.175668
24.25 0.175779
24.26 0.175892
24.27 0.176007
24.28 0.176124
24.29 0.176244
24.3 0.176366
24.31 0.17649
24.32 0.176616
24.33 0.176745
24.34 0.176877
24.35 0.17701
24.36 0.177147
24.37 0.177285
24.38 0.177427
24.39 0.177571
24.4 0.177717
24.41 0.177866
24.42 0.178018
24.43 0.178172
24.44 0.178329
24.45 0.178488
24.46 0.178649
24.47 0.178813
24.48 0.17898
24.49 0.179149
24.5 0.17932
24.51 0.179493
24.52 0.179669
24.53 0.179847
24.54 0.180026
24.55 0.180208
24.56 0.180391
24.57 0.180576
24.58 0.180763
24.59 0.180952
24.6 0.181142
24.61 0.181334
24.62 0.181527
24.63 0.181721
24.64 0.181917
24.65 0.182114
24.66 0.182312
24.67 0.182511
24.68 0.182712
24.69 0.182913
24.7 0.183116
24.71 0.183319
24.72 0.183523
24.73 0.183728
24.74 0.183934
24.75 0.184141
24.76 0.184349
24.77 0.184557
24.78 0.184766
24.79 0.184976
24.8 0.185186
24.81 0.185398
24.82 0.18561
24.83 0.185822
24.84 0.186035
24.85 0.186249
24.86 0.186463
24.87 0.186678
24.88 0.186893
24.89 0.187108
24.9 0.187324
24.91 0.18754
24.92 0.187757
24.93 0.187974
24.94 0.188191
24.95 0.188408
24.96 0.188625
24.97 0.188842
24.98 0.18906
24.99 0.189277
25 0.189494
25.01 0.189712
25.02 0.189929
25.03 0.190145
25.04 0.190362
25.05 0.190578
25.06 0.190794
25.07 0.19101
25.08 0.191226
25.09 0.191441
25.1 0.191656
25.11 0.19187
25.12 0.192084
25.13 0.192298
25.14 0.192511
25.15 0.192724
25.16 0.192937
25.17 0.193149
25.18 0.193361
25.19 0.193572
25.2 0.193784
25.21 0.193995
25.22 0.194205
25.23 0.194416
25.24 0.194626
25.25 0.194836
25.26 0.195045
25.27 0.195255
25.28 0.195464
25.29 0.195673
25.3 0.195881
25.31 0.19609
25.32 0.196298
25.33 0.196506
25.34 0.196713
25.35 0.196921
25.36 0.197128
25.37 0.197334
25.38 0.19754
25.39 0.197746
25.4 0.197951
25.41 0.198156
25.42 0.19836
25.43 0.198564
25.44 0.198767
25.45 0.198969
25.46 0.199171
25.47 0.199371
25.48 0.199571
25.49 0.19977
25.5 0.199968
25.51 0.200165
25.52 0.20036
25.53 0.200555
25.54 0.200749
25.55 0.200941
25.56 0.201132
25.57 0.201322
25.58 0.201511
25.59 0.201698
25.6 0.201884
25.61 0.202069
25.62 0.202253
25.63 0.202435
25.64 0.202616
25.65 0.202796
25.66 0.202974
25.67 0.203152
25.68 0.203328
25.69 0.203503
25.7 0.203678
25.71 0.203851
25.72 0.204023
25.73 0.204194
25.74 0.204364
25.75 0.204534
25.76 0.204702
25.77 0.20487
25.78 0.205037
25.79 0.205204
25.8 0.20537
25.81 0.205535
25.82 0.205699
25.83 0.205863
25.84 0.206027
25.85 0.206189
25.86 0.206351
25.87 0.206513
25.88 0.206673
25.89 0.206833
25.9 0.206992
25.91 0.207151
25.92 0.207309
25.93 0.207465
25.94 0.207621
25.95 0.207776
25.96 0.20793
25.97 0.208082
25.98 0.208234
25.99 0.208384
26 0.208533
26.01 0.20868
26.02 0.208826
26.03 0.20897
26.04 0.209113
26.05 0.209255
26.06 0.209394
26.07 0.209532
26.08 0.209669
26.09 0.209804
26.1 0.209937
26.11 0.210068
26.12 0.210198
26.13 0.210326
26.14 0.210452
26.15 0.210577
26.16 0.2107
26.17 0.210822
26.18 0.210942
26.19 0.211061
26.2 0.211179
26.21 0.211295
26.22 0.21141
26.23 0.211524
26.24 0.211637
26.25 0.211748
26.26 0.211859
26.27 0.211968
26.28 0.212077
26.29 0.212184
26.3 0.212291
26.31 0.212396
26.32 0.2125
26.33 0.212604
26.34 0.212706
26.35 0.212807
26.36 0.212907
26.37 0.213006
26.38 0.213104
26.39 0.2132
26.4 0.213295
26.41 0.213389
26.42 0.213481
26.43 0.213571
26.44 0.21366
26.45 0.213747
26.46 0.213832
26.47 0.213916
26.48 0.213997
26.49 0.214077
26.5 0.214154
26.51 0.21423
26.52 0.214303
26.53 0.214374
26.54 0.214444
26.55 0.21451
26.56 0.214575
26.57 0.214638
26.58 0.214698
26.59 0.214756
26.6 0.214813
26.61 0.214867
26.62 0.214919
26.63 0.214968
26.64 0.215016
26.65 0.215062
26.66 0.215106
26.67 0.215147
26.68 0.215187
26.69 0.215225
26.7 0.215261
26.71 0.215295
26.72 0.215327
26.73 0.215357
26.74 0.215385
26.75 0.215412
26.76 0.215436
26.77 0.215458
26.78 0.215479
26.79 0.215497
26.8 0.215514
26.81 0.215528
26.82 0.21554
26.83 0.21555
26.84 0.215558
26.85 0.215563
26.86 0.215567
26.87 0.215568
26.88 0.215566
26.89 0.215563
26.9 0.215557
26.91 0.215548
26.92 0.215538
26.93 0.215525
26.94 0.215509
26.95 0.215491
26.96 0.215471
26.97 0.215448
26.98 0.215423
26.99 0.215395
27 0.215365
27.01 0.215333
27.02 0.215298
27.03 0.215262
27.04 0.215222
27.05 0.215181
27.06 0.215137
27.07 0.215091
27.08 0.215043
27.09 0.214993
27.1 0.21494
27.11 0.214885
27.12 0.214827
27.13 0.214768
27.14 0.214706
27.15 0.214641
27.16 0.214575
27.17 0.214505
27.18 0.214434
27.19 0.21436
27.2 0.214283
27.21 0.214203
27.22 0.214121
27.23 0.214037
27.24 0.213949
27.25 0.213859
27.26 0.213766
27.27 0.213671
27.28 0.213572
27.29 0.213471
27.3 0.213367
27.31 0.21326
27.32 0.213151
27.33 0.213038
27.34 0.212923
27.35 0.212806
27.36 0.212686
27.37 0.212563
27.38 0.212438
27.39 0.21231
27.4 0.212181
27.41 0.212049
27.42 0.211915
27.43 0.211779
27.44 0.211641
27.45 0.211502
27.46 0.211361
27.47 0.211218
27.48 0.211074
27.49 0.210929
27.5 0.210783
27.51 0.210635
27.52 0.210486
27.53 0.210337
27.54 0.210186
27.55 0.210035
27.56 0.209883
27.57 0.20973
27.58 0.209577
27.59 0.209423
27.6 0.209269
27.61 0.209114
27.62 0.208958
27.63 0.208802
27.64 0.208646
27.65 0.208489
27.66 0.208331
27.67 0.208174
27.68 0.208015
27.69 0.207857
27.7 0.207698
27.71 0.207538
27.72 0.207378
27.73 0.207218
27.74 0.207058
27.75 0.206897
27.76 0.206735
27.77 0.206573
27.78 0.206411
27.79 0.206249
27.8 0.206086
27.81 0.205923
27.82 0.205759
27.83 0.205596
27.84 0.205432
27.85 0.205268
27.86 0.205103
27.87 0.204938
27.88 0.204773
27.89 0.204608
27.9 0.204442
27.91 0.204276
27.92 0.20411
27.93 0.203943
27.94 0.203776
27.95 0.203609
27.96 0.203441
27.97 0.203273
27.98 0.203104
27.99 0.202935
28 0.202764
28.01 0.202594
28.02 0.202422
28.03 0.20225
28.04 0.202077
28.05 0.201903
28.06 0.201728
28.07 0.201552
28.08 0.201375
28.09 0.201197
28.1 0.201017
28.11 0.200837
28.12 0.200656
28.13 0.200474
28.14 0.20029
28.15 0.200106
28.16 0.19992
28.17 0.199733
28.18 0.199546
28.19 0.199357
28.2 0.199167
28.21 0.198977
28.22 0.198785
28.23 0.198593
28.24 0.1984
28.25 0.198207
28.26 0.198012
28.27 0.197818
28.28 0.197622
28.29 0.197426
28.3 0.19723
28.31 0.197033
28.32 0.196835
28.33 0.196638
28.34 0.196439
28.35 0.196241
28.36 0.196042
28.37 0.195843
28.38 0.195643
28.39 0.195443
28.4 0.195242
28.41 0.195042
28.42 0.19484
28.43 0.194639
28.44 0.194437
28.45 0.194234
28.46 0.194031
28.47 0.193828
28.48 0.193625
28.49 0.193421
28.5 0.193216
28.51 0.193012
28.52 0.192807
28.53 0.192602
28.54 0.192397
28.55 0.192192
28.56 0.191987
28.57 0.191783
28.58 0.191578
28.59 0.191374
28.6 0.191171
28.61 0.190968
28.62 0.190765
28.63 0.190564
28.64 0.190364
28.65 0.190164
28.66 0.189966
28.67 0.189769
28.68 0.189574
28.69 0.18938
28.7 0.189188
28.71 0.188997
28.72 0.188808
28.73 0.18862
28.74 0.188435
28.75 0.188251
28.76 0.188069
28.77 0.187889
28.78 0.18771
28.79 0.187534
28.8 0.187359
28.81 0.187185
28.82 0.187014
28.83 0.186844
28.84 0.186675
28.85 0.186508
28.86 0.186342
28.87 0.186178
28.88 0.186015
28.89 0.185853
28.9 0.185693
28.91 0.185534
28.92 0.185376
28.93 0.185219
28.94 0.185063
28.95 0.184908
28.96 0.184755
28.97 0.184603
28.98 0.184452
28.99 0.184302
29 0.184154
29.01 0.184007
29.02 0.183862
29.03 0.183718
29.04 0.183576
29.05 0.183435
29.06 0.183297
29.07 0.18316
29.08 0.183026
29.09 0.182894
29.1 0.182764
29.11 0.182636
29.12 0.182511
29.13 0.182388
29.14 0.182268
29.15 0.182151
29.16 0.182036
29.17 0.181925
29.18 0.181816
29.19 0.18171
29.2 0.181607
29.21 0.181507
29.22 0.18141
29.23 0.181316
29.24 0.181224
29.25 0.181136
29.26 0.181051
29.27 0.180969
29.28 0.18089
29.29 0.180814
29.3 0.18074
29.31 0.18067
29.32 0.180602
29.33 0.180537
29.34 0.180475
29.35 0.180415
29.36 0.180358
29.37 0.180304
29.38 0.180252
29.39 0.180203
29.4 0.180156
29.41 0.180112
29.42 0.18007
29.43 0.180031
29.44 0.179994
29.45 0.17996
29.46 0.179927
29.47 0.179898
29.48 0.17987
29.49 0.179844
29.5 0.179821
29.51 0.1798
29.52 0.179782
29.53 0.179765
29.54 0.179751
29.55 0.179739
29.56 0.179728
29.57 0.17972
29.58 0.179715
29.59 0.179711
29.6 0.179709
29.61 0.179709
29.62 0.179712
29.63 0.179716
29.64 0.179722
29.65 0.179731
29.66 0.179741
29.67 0.179753
29.68 0.179768
29.69 0.179784
29.7 0.179802
29.71 0.179822
29.72 0.179844
29.73 0.179868
29.74 0.179894
29.75 0.179922
29.76 0.179951
29.77 0.179983
29.78 0.180016
29.79 0.180051
29.8 0.180088
29.81 0.180127
29.82 0.180168
29.83 0.18021
29.84 0.180255
29.85 0.180301
29.86 0.180349
29.87 0.180399
29.88 0.180451
29.89 0.180504
29.9 0.18056
29.91 0.180617
29.92 0.180676
29.93 0.180736
29.94 0.180798
29.95 0.180862
29.96 0.180928
29.97 0.180995
29.98 0.181064
29.99 0.181135
