0 0.629628
0.05 0.628355
0.1 0.624587
0.15 0.618463
0.2 0.610166
0.25 0.599873
0.3 0.587728
0.35 0.573838
0.4 0.558289
0.45 0.541174
0.5 0.522609
0.55 0.50274
0.6 0.481731
0.65 0.459755
0.7 0.436975
0.75 0.413536
0.8 0.389565
0.85 0.365162
0.9 0.340399
0.95 0.315321
1 0.289951
1.05 0.264306
1.1 0.238403
1.15 0.212273
1.2 0.185962
1.25 0.159526
1.3 0.133018
1.35 0.106485
1.4 0.0799666
1.45 0.0534966
1.5 0.0271161
1.55 0.000876232
1.6 -0.0251607
1.65 -0.0509256
1.7 -0.076347
1.75 -0.101354
1.8 -0.125873
1.85 -0.149826
1.9 -0.173126
1.95 -0.195677
2 -0.217377
2.05 -0.238126
2.1 -0.257826
2.15 -0.276388
2.2 -0.293742
2.25 -0.309834
2.3 -0.324639
2.35 -0.338152
2.4 -0.350385
2.45 -0.361347
2.5 -0.371031
2.55 -0.379408
2.6 -0.386433
2.65 -0.39206
2.7 -0.396268
2.75 -0.399076
2.8 -0.400544
2.85 -0.400757
2.9 -0.399807
2.95 -0.397766
3 -0.394676
3.05 -0.390555
3.1 -0.385403
3.15 -0.379227
3.2 -0.372046
3.25 -0.363901
3.3 -0.354851
3.35 -0.344967
3.4 -0.334331
3.45 -0.323025
3.5 -0.311133
3.55 -0.298733
3.6 -0.285894
3.65 -0.272671
3.7 -0.2591
3.75 -0.245211
3.8 -0.23103
3.85 -0.216595
3.9 -0.201962
3.95 -0.18721
4 -0.172427
4.05 -0.157706
4.1 -0.143128
4.15 -0.128752
4.2 -0.114614
4.25 -0.100735
4.3 -0.0871226
4.35 -0.07379
4.4 -0.0607584
4.45 -0.0480614
4.5 -0.035743
4.55 -0.0238517
4.6 -0.012435
4.65 -0.00153455
4.7 0.00881675
4.75 0.0185957
4.8 0.0277893
4.85 0.0363948
4.9 0.0444186
4.95 0.0518743
5 0.0587781
5.05 0.0651435
5.1 0.0709755
5.15 0.0762677
5.2 0.0810042
5.25 0.0851653
5.3 0.0887367
5.35 0.0917188
5.4 0.0941315
5.45 0.0960131
5.5 0.0974128
5.55 0.0983803
5.6 0.098955
5.65 0.0991604
5.7 0.0990048
5.75 0.0984857
5.8 0.0975991
5.85 0.0963461
5.9 0.0947388
5.95 0.0928003
6 0.0905635
6.05 0.0880675
6.1 0.0853542
6.15 0.0824649
6.2 0.0794372
6.25 0.0763022
6.3 0.0730813
6.35 0.0697851
6.4 0.0664147
6.45 0.062967
6.5 0.0594418
6.55 0.0558492
6.6 0.0522145
6.65 0.0485767
6.7 0.0449824
6.75 0.0414758
6.8 0.0380891
6.85 0.0348366
6.9 0.0317144
6.95 0.028706
7 0.0257908
7.05 0.0229541
7.1 0.0201927
7.15 0.0175172
7.2 0.0149478
7.25 0.0125096
7.3 0.0102254
7.35 0.00811119
7.4 0.00617378
7.45 0.00441018
7.5 0.00280878
7.55 0.00135159
7.6 1.72005e-05
7.65 -0.00121529
7.7 -0.00236185
7.75 -0.00342945
7.8 -0.00441404
7.85 -0.00530156
7.9 -0.00607267
7.95 -0.0067099
8 -0.00720508
8.05 -0.00756434
8.1 -0.00780853
8.15 -0.00796838
8.2 -0.00807618
8.25 -0.00815702
8.3 -0.00822286
8.35 -0.00827145
8.4 -0.00828974
8.45 -0.00826034
8.5 -0.00816822
8.55 -0.00800576
8.6 -0.00777475
8.65 -0.0074855
8.7 -0.00715421
8.75 -0.00679966
8.8 -0.00643993
8.85 -0.00608945
8.9 -0.00575641
8.95 -0.00544079
9 -0.00513373
9.05 -0.00481916
9.1 -0.00447783
9.15 -0.00409322
9.2 -0.00365755
9.25 -0.00317577
9.3 -0.00266539
9.35 -0.00215209
9.4 -0.00166224
9.45 -0.00121527
9.5 -0.000818248
9.55 -0.000464686
9.6 -0.000137744
9.65 0.00018327
9.7 0.000515488
9.75 0.000866775
9.8 0.00123357
9.85 0.00160264
9.9 0.0019556
9.95 0.00227468
10 0.00254762
10.05 0.00277081
10.1 0.00295
10.15 0.00309891
10.2 0.00323626
10.25 0.00338214
10.3 0.00355419
10.35 0.00376425
10.4 0.00401618
10.45 0.0043051
10.5 0.00461876
10.55 0.00494052
10.6 0.00525377
10.65 0.00554644
10.7 0.00581452
10.75 0.00606341
10.8 0.00630618
10.85 0.00655929
10.9 0.00683677
10.95 0.00714523
11 0.00748098
11.05 0.00783048
11.1 0.00817363
11.15 0.00848912
11.2 0.0087598
11.25 0.00897664
11.3 0.00914001
11.35 0.00925819
11.4 0.00934396
11.45 0.00941066
11.5 0.00946869
11.55 0.00952311
11.6 0.00957271
11.65 0.00961033
11.7 0.00962442
11.75 0.00960173
11.8 0.00953085
11.85 0.00940595
11.9 0.00922977
11.95 0.00901433
12 0.00877891
12.05 0.0085454
12.1 0.00833265
12.15 0.00815156
12.2 0.0080027
12.25 0.00787706
12.3 0.00775978
12.35 0.00763552
12.4 0.00749363
12.45 0.00733145
12.5 0.00715476
12.55 0.00697536
12.6 0.00680697
12.65 0.00666076
12.7 0.0065418
12.75 0.00644743
12.8 0.00636774
12.85 0.00628773
12.9 0.00619047
12.95 0.00606047
13 0.0058866
13.05 0.00566411
13.1 0.00539534
13.15 0.00508896
13.2 0.00475788
13.25 0.00441627
13.3 0.00407633
13.35 0.00374545
13.4 0.00342452
13.45 0.00310808
13.5 0.00278647
13.55 0.00244958
13.6 0.00209097
13.65 0.00171094
13.7 0.00131763
13.75 0.000925694
13.8 0.000552993
13.85 0.000216108
13.9 -7.38679e-05
13.95 -0.000313996
14 -0.000509762
14.05 -0.00067296
14.1 -0.000818005
14.15 -0.000957904
14.2 -0.00110109
14.25 -0.0012499
14.3 -0.00140078
14.35 -0.00154601
14.4 -0.00167624
14.45 -0.00178325
14.5 -0.00186247
14.55 -0.00191482
14.6 -0.00194746
14.65 -0.00197306
14.7 -0.00200748
14.75 -0.00206629
14.8 -0.00216101
14.85 -0.00229624
14.9 -0.00246861
14.95 -0.00266829
15 -0.00288247
15.05 -0.00309992
15.1 -0.00331476
15.15 -0.00352804
15.2 -0.00374665
15.25 -0.00398014
15.3 -0.00423673
15.35 -0.00451997
15.4 -0.0048269
15.45 -0.00514811
15.5 -0.0054693
15.55 -0.00577362
15.6 -0.0060443
15.65 -0.0062671
15.7 -0.00643234
15.75 -0.00653631
15.8 -0.00658161
15.85 -0.00657625
15.9 -0.00653138
15.95 -0.00645838
16 -0.00636591
16.05 -0.00625804
16.1 -0.00613373
16.15 -0.00598819
16.2 -0.00581543
16.25 -0.00561129
16.3 -0.00537589
16.35 -0.00511486
16.4 -0.00483894
16.45 -0.00456228
16.5 -0.00429948
16.55 -0.00406211
16.6 -0.00385564
16.65 -0.00367785
16.7 -0.00351939
16.75 -0.0033663
16.8 -0.0032038
16.85 -0.00301979
16.9 -0.00280726
16.95 -0.00256469
17 -0.00229503
17.05 -0.00200365
17.1 -0.00169634
17.15 -0.00137757
17.2 -0.00104941
17.25 -0.000710795
17.3 -0.000357647
17.35 1.6181e-05
17.4 0.000416925
17.45 0.000848379
17.5 0.00130952
17.55 0.00179314
17.6 0.00228612
17.65 0.00277165
17.7 0.00323276
17.75 0.00365631
17.8 0.00403578
17.85 0.00437204
17.9 0.00467194
17.95 0.0049453
18 0.00520152
18.05 0.0054467
18.1 0.00568212
18.15 0.00590423
18.2 0.00610595
18.25 0.00627877
18.3 0.00641509
18.35 0.00651023
18.4 0.00656375
18.45 0.00657961
18.5 0.00656526
18.55 0.00652976
18.6 0.00648158
18.65 0.00642657
18.7 0.0063667
18.75 0.00629964
18.8 0.00621937
18.85 0.00611753
18.9 0.00598563
18.95 0.00581727
19 0.00561008
19.05 0.00536668
19.1 0.00509441
19.15 0.00480369
19.2 0.00450534
19.25 0.00420762
19.3 0.0039139
19.35 0.0036219
19.4 0.00332478
19.45 0.00301377
19.5 0.00268127
19.55 0.00232348
19.6 0.00194167
19.65 0.00154185
19.7 0.00113333
19.75 0.000726543
19.8 0.000330927
19.85 -4.70133e-05
19.9 -0.000404951
19.95 -0.000745089
20 -0.00107335
20.05 -0.00139746
20.1 -0.00172448
20.15 -0.00205838
20.2 -0.00239852
20.25 -0.00273932
20.3 -0.00307136
20.35 -0.00338361
20.4 -0.00366633
20.45 -0.00391345
20.5 -0.00412375
20.55 -0.0043004
20.6 -0.00444934
20.65 -0.00457689
20.7 -0.00468772
20.75 -0.0047835
20.8 -0.00486252
20.85 -0.00492032
20.9 -0.00495097
20.95 -0.00494877
21 -0.00490987
21.05 -0.00483347
21.1 -0.00472236
21.15 -0.00458267
21.2 -0.00442292
21.25 -0.00425259
21.3 -0.00408051
21.35 -0.00391323
21.4 -0.00375389
21.45 -0.00360172
21.5 -0.00345256
21.55 -0.00330047
21.6 -0.00313981
21.65 -0.00296723
21.7 -0.00278292
21.75 -0.00259079
21.8 -0.00239763
21.85 -0.0022113
21.9 -0.00203837
21.95 -0.00188183
22 -0.00173969
22.05 -0.00160517
22.1 -0.00146846
22.15 -0.00131955
22.2 -0.00115124
22.25 -0.000961123
22.3 -0.000752109
22.35 -0.000531306
22.4 -0.00030789
22.45 -9.07675e-05
22.5 0.000113304
22.55 0.000300833
22.6 0.000471943
22.65 0.000630001
22.7 0.000780588
22.75 0.000929925
22.8 0.00108308
22.85 0.00124246
22.9 0.00140699
22.95 0.00157245
23 0.00173268
23.05 0.00188158
23.1 0.00201499
23.15 0.00213195
23.2 0.00223495
23.25 0.00232917
23.3 0.00242102
23.35 0.00251636
23.4 0.0026189
23.45 0.00272913
23.5 0.00284396
23.55 0.00295727
23.6 0.00306127
23.65 0.00314824
23.7 0.00321232
23.75 0.00325085
23.8 0.00326485
23.85 0.00325852
23.9 0.00323792
23.95 0.00320915
24 0.00317677
24.05 0.00314279
24.1 0.00310656
24.15 0.00306543
24.2 0.00301585
24.25 0.00295474
24.3 0.00288067
24.35 0.00279466
24.4 0.00270068
24.45 0.00260547
24.5 0.00251775
24.55 0.00244637
24.6 0.00239799
24.65 0.0023749
24.7 0.0023739
24.75 0.00238681
24.8 0.00240251
24.85 0.00240961
24.9 0.00239895
24.95 0.00236494
25 0.0023056
25.05 0.00222149
25.1 0.00211434
25.15 0.00198564
25.2 0.00183566
25.25 0.00166276
25.3 0.0014632
25.35 0.00123162
25.4 0.000962343
25.45 0.000651231
25.5 0.000297561
25.55 -9.48779e-05
25.6 -0.000517879
25.65 -0.000960153
25.7 -0.00140947
25.75 -0.00185496
25.8 -0.00228871
25.85 -0.00270638
25.9 -0.00310669
25.95 -0.00349032
26 -0.00385868
26.05 -0.0042129
26.1 -0.00455312
26.15 -0.00487811
26.2 -0.00518522
26.25 -0.00547077
26.3 -0.00573081
26.35 -0.00596226
26.4 -0.00616405
26.45 -0.00633778
26.5 -0.0064877
26.55 -0.00661975
26.6 -0.00674019
26.65 -0.00685401
26.7 -0.00696391
26.75 -0.00706961
26.8 -0.00716781
26.85 -0.00725266
26.9 -0.00731673
26.95 -0.00735242
27 -0.0073534
27.05 -0.0073157
27.1 -0.00723837
27.15 -0.00712334
27.2 -0.00697452
27.25 -0.00679623
27.3 -0.00659138
27.35 -0.00636
27.4 -0.00609884
27.45 -0.00580232
27.5 -0.00546448
27.55 -0.0050813
27.6 -0.00465235
27.65 -0.00418135
27.7 -0.00367544
27.75 -0.00314368
27.8 -0.00259531
27.85 -0.0020382
27.9 -0.00147784
27.95 -0.000916841
28 -0.000355095
28.05 0.000209444
28.1 0.000779288
28.15 0.00135575
28.2 0.00193763
28.25 0.00252094
28.3 0.00309959
28.35 0.00366708
28.4 0.00421816
28.45 0.00475014
28.5 0.00526314
28.55 0.0057595
28.6 0.0062427
28.65 0.00671623
28.7 0.00718279
28.75 0.00764354
28.8 0.00809773
28.85 0.0085423
28.9 0.00897188
28.95 0.0093791
29 0.00975532
29.05 0.0100918
29.1 0.0103811
29.15 0.0106176
29.2 0.0107985
29.25 0.0109228
29.3 0.0109909
29.35 0.0110033
29.4 0.01096
29.45 0.0108598
29.5 0.0107006
29.55 0.0104799
29.6 0.0101958
29.65 0.00984814
29.7 0.00943945
29.75 0.00897547
29.8 0.00846479
29.85 0.00791776
29.9 0.00734493
29.95 0.00675524
