0 0.140194
0.01 0.140154
0.02 0.140103
0.03 0.140039
0.04 0.139962
0.05 0.139873
0.06 0.139772
0.07 0.139657
0.08 0.13953
0.09 0.139391
0.1 0.139238
0.11 0.139073
0.12 0.138894
0.13 0.138702
0.14 0.138497
0.15 0.138278
0.16 0.138046
0.17 0.1378
0.18 0.137541
0.19 0.137267
0.2 0.136979
0.21 0.136676
0.22 0.136359
0.23 0.136027
0.24 0.13568
0.25 0.135318
0.26 0.134941
0.27 0.134547
0.28 0.134139
0.29 0.133714
0.3 0.133273
0.31 0.132815
0.32 0.132341
0.33 0.13185
0.34 0.131341
0.35 0.130816
0.36 0.130273
0.37 0.129712
0.38 0.129133
0.39 0.128537
0.4 0.127922
0.41 0.127288
0.42 0.126636
0.43 0.125966
0.44 0.125276
0.45 0.124567
0.46 0.123839
0.47 0.123091
0.48 0.122325
0.49 0.121538
0.5 0.120732
0.51 0.119906
0.52 0.11906
0.53 0.118195
0.54 0.117309
0.55 0.116404
0.56 0.115479
0.57 0.114534
0.58 0.113569
0.59 0.112584
0.6 0.111579
0.61 0.110555
0.62 0.109511
0.63 0.108448
0.64 0.107365
0.65 0.106263
0.66 0.105142
0.67 0.104002
0.68 0.102844
0.69 0.101667
0.7 0.100472
0.71 0.0992583
0.72 0.0980272
0.73 0.0967786
0.74 0.0955129
0.75 0.0942302
0.76 0.092931
0.77 0.0916155
0.78 0.0902841
0.79 0.0889371
0.8 0.0875749
0.81 0.0861978
0.82 0.0848063
0.83 0.0834007
0.84 0.0819815
0.85 0.080549
0.86 0.0791037
0.87 0.077646
0.88 0.0761764
0.89 0.0746951
0.9 0.0732028
0.91 0.0716999
0.92 0.0701867
0.93 0.0686638
0.94 0.0671316
0.95 0.0655906
0.96 0.0640411
0.97 0.0624838
0.98 0.060919
0.99 0.0593471
1 0.0577687
1.01 0.0561842
1.02 0.054594
1.03 0.0529986
1.04 0.0513984
1.05 0.0497939
1.06 0.0481855
1.07 0.0465735
1.08 0.0449585
1.09 0.0433408
1.1 0.0417209
1.11 0.0400991
1.12 0.0384758
1.13 0.0368515
1.14 0.0352265
1.15 0.0336011
1.16 0.0319757
1.17 0.0303507
1.18 0.0287265
1.19 0.0271032
1.2 0.0254814
1.21 0.0238612
1.22 0.022243
1.23 0.0206271
1.24 0.0190138
1.25 0.0174033
1.26 0.015796
1.27 0.014192
1.28 0.0125917
1.29 0.0109952
1.3 0.00940286
1.31 0.00781483
1.32 0.00623134
1.33 0.0046526
1.34 0.00307881
1.35 0.00151015
1.36 -5.31801e-05
1.37 -0.00161102
1.38 -0.0031632
1.39 -0.00470956
1.4 -0.00624994
1.41 -0.00778421
1.42 -0.00931222
1.43 -0.0108338
1.44 -0.0123489
1.45 -0.0138574
1.46 -0.0153591
1.47 -0.0168539
1.48 -0.0183418
1.49 -0.0198226
1.5 -0.0212962
1.51 -0.0227626
1.52 -0.0242216
1.53 -0.0256731
1.54 -0.0271172
1.55 -0.0285536
1.56 -0.0299823
1.57 -0.0314033
1.58 -0.0328164
1.59 -0.0342217
1.6 -0.0356189
1.61 -0.0370081
1.62 -0.0383891
1.63 -0.039762
1.64 -0.0411266
1.65 -0.0424828
1.66 -0.0438306
1.67 -0.04517
1.68 -0.0465008
1.69 -0.047823
1.7 -0.0491364
1.71 -0.0504411
1.72 -0.051737
1.73 -0.0530239
1.74 -0.0543018
1.75 -0.0555706
1.76 -0.0568302
1.77 -0.0580806
1.78 -0.0593215
1.79 -0.0605531
1.8 -0.0617751
1.81 -0.0629874
1.82 -0.0641901
1.83 -0.0653828
1.84 -0.0665657
1.85 -0.0677385
1.86 -0.0689011
1.87 -0.0700534
1.88 -0.0711954
1.89 -0.0723268
1.9 -0.0734476
1.91 -0.0745577
1.92 -0.0756569
1.93 -0.0767451
1.94 -0.0778222
1.95 -0.078888
1.96 -0.0799424
1.97 -0.0809852
1.98 -0.0820165
1.99 -0.0830358
2 -0.0840433
2.01 -0.0850386
2.02 -0.0860218
2.03 -0.0869925
2.04 -0.0879507
2.05 -0.0888963
2.06 -0.089829
2.07 -0.0907488
2.08 -0.0916554
2.09 -0.0925488
2.1 -0.0934288
2.11 -0.0942952
2.12 -0.0951479
2.13 -0.0959868
2.14 -0.0968116
2.15 -0.0976224
2.16 -0.0984188
2.17 -0.0992008
2.18 -0.0999683
2.19 -0.100721
2.2 -0.101459
2.21 -0.102182
2.22 -0.10289
2.23 -0.103582
2.24 -0.104259
2.25 -0.104921
2.26 -0.105567
2.27 -0.106198
2.28 -0.106812
2.29 -0.107411
2.3 -0.107993
2.31 -0.10856
2.32 -0.10911
2.33 -0.109644
2.34 -0.110161
2.35 -0.110662
2.36 -0.111146
2.37 -0.111614
2.38 -0.112064
2.39 -0.112498
2.4 -0.112915
2.41 -0.113315
2.42 -0.113698
2.43 -0.114064
2.44 -0.114413
2.45 -0.114745
2.46 -0.115059
2.47 -0.115357
2.48 -0.115637
2.49 -0.1159
2.5 -0.116146
2.51 -0.116374
2.52 -0.116585
2.53 -0.116779
2.54 -0.116956
2.55 -0.117115
2.56 -0.117257
2.57 -0.117382
2.58 -0.11749
2.59 -0.11758
2.6 -0.117654
2.61 -0.11771
2.62 -0.117749
2.63 -0.117772
2.64 -0.117777
2.65 -0.117766
2.66 -0.117737
2.67 -0.117692
2.68 -0.117631
2.69 -0.117552
2.7 -0.117458
2.71 -0.117346
2.72 -0.117219
2.73 -0.117075
2.74 -0.116915
2.75 -0.116738
2.76 -0.116546
2.77 -0.116338
2.78 -0.116114
2.79 -0.115875
2.8 -0.11562
2.81 -0.115349
2.82 -0.115063
2.83 -0.114762
2.84 -0.114446
2.85 -0.114114
2.86 -0.113768
2.87 -0.113408
2.88 -0.113032
2.89 -0.112642
2.9 -0.112238
2.91 -0.111819
2.92 -0.111387
2.93 -0.11094
2.94 -0.11048
2.95 -0.110006
2.96 -0.109519
2.97 -0.109018
2.98 -0.108504
2.99 -0.107977
3 -0.107437
3.01 -0.106884
3.02 -0.106319
3.03 -0.105741
3.04 -0.105151
3.05 -0.104548
3.06 -0.103934
3.07 -0.103308
3.08 -0.102669
3.09 -0.10202
3.1 -0.101359
3.11 -0.100687
3.12 -0.100003
3.13 -0.099309
3.14 -0.0986039
3.15 -0.0978882
3.16 -0.0971621
3.17 -0.0964256
3.18 -0.0956789
3.19 -0.0949223
3.2 -0.0941559
3.21 -0.0933797
3.22 -0.0925941
3.23 -0.0917991
3.24 -0.0909948
3.25 -0.0901816
3.26 -0.0893595
3.27 -0.0885287
3.28 -0.0876893
3.29 -0.0868415
3.3 -0.0859855
3.31 -0.0851214
3.32 -0.0842494
3.33 -0.0833696
3.34 -0.0824823
3.35 -0.0815875
3.36 -0.0806855
3.37 -0.0797764
3.38 -0.0788603
3.39 -0.0779374
3.4 -0.077008
3.41 -0.076072
3.42 -0.0751298
3.43 -0.0741814
3.44 -0.0732271
3.45 -0.0722669
3.46 -0.0713011
3.47 -0.0703298
3.48 -0.0693532
3.49 -0.0683714
3.5 -0.0673846
3.51 -0.066393
3.52 -0.0653966
3.53 -0.0643958
3.54 -0.0633906
3.55 -0.0623812
3.56 -0.0613678
3.57 -0.0603504
3.58 -0.0593294
3.59 -0.0583048
3.6 -0.0572769
3.61 -0.0562456
3.62 -0.0552114
3.63 -0.0541742
3.64 -0.0531342
3.65 -0.0520917
3.66 -0.0510467
3.67 -0.0499994
3.68 -0.0489501
3.69 -0.0478987
3.7 -0.0468456
3.71 -0.0457908
3.72 -0.0447346
3.73 -0.043677
3.74 -0.0426182
3.75 -0.0415585
3.76 -0.0404978
3.77 -0.0394365
3.78 -0.0383746
3.79 -0.0373123
3.8 -0.0362498
3.81 -0.0351871
3.82 -0.0341246
3.83 -0.0330622
3.84 -0.0320002
3.85 -0.0309387
3.86 -0.0298779
3.87 -0.0288179
3.88 -0.0277588
3.89 -0.0267008
3.9 -0.0256441
3.91 -0.0245887
3.92 -0.0235349
3.93 -0.0224828
3.94 -0.0214325
3.95 -0.0203841
3.96 -0.0193378
3.97 -0.0182938
3.98 -0.0172521
3.99 -0.0162129
4 -0.0151764
4.01 -0.0141427
4.02 -0.0131118
4.03 -0.012084
4.04 -0.0110594
4.05 -0.0100381
4.06 -0.00902014
4.07 -0.00800577
4.08 -0.00699508
4.09 -0.00598818
4.1 -0.0049852
4.11 -0.00398626
4.12 -0.00299148
4.13 -0.00200097
4.14 -0.00101486
4.15 -3.3253e-05
4.16 0.00094373
4.17 0.00191598
4.18 0.00288338
4.19 0.00384583
4.2 0.00480322
4.21 0.00575544
4.22 0.00670238
4.23 0.00764395
4.24 0.00858004
4.25 0.00951054
4.26 0.0104354
4.27 0.0113544
4.28 0.0122676
4.29 0.0131748
4.3 0.0140759
4.31 0.0149709
4.32 0.0158596
4.33 0.016742
4.34 0.017618
4.35 0.0184875
4.36 0.0193504
4.37 0.0202065
4.38 0.021056
4.39 0.0218986
4.4 0.0227342
4.41 0.0235629
4.42 0.0243845
4.43 0.0251989
4.44 0.0260062
4.45 0.0268061
4.46 0.0275987
4.47 0.0283838
4.48 0.0291614
4.49 0.0299315
4.5 0.0306939
4.51 0.0314487
4.52 0.0321957
4.53 0.0329349
4.54 0.0336662
4.55 0.0343895
4.56 0.0351049
4.57 0.0358123
4.58 0.0365116
4.59 0.0372027
4.6 0.0378856
4.61 0.0385603
4.62 0.0392267
4.63 0.0398848
4.64 0.0405345
4.65 0.0411758
4.66 0.0418087
4.67 0.042433
4.68 0.0430488
4.69 0.0436561
4.7 0.0442548
4.71 0.0448448
4.72 0.0454261
4.73 0.0459988
4.74 0.0465627
4.75 0.0471179
4.76 0.0476643
4.77 0.048202
4.78 0.0487308
4.79 0.0492507
4.8 0.0497618
4.81 0.050264
4.82 0.0507573
4.83 0.0512417
4.84 0.0517172
4.85 0.0521837
4.86 0.0526413
4.87 0.0530899
4.88 0.0535295
4.89 0.0539602
4.9 0.0543819
4.91 0.0547946
4.92 0.0551984
4.93 0.0555931
4.94 0.0559789
4.95 0.0563556
4.96 0.0567234
4.97 0.0570822
4.98 0.0574321
4.99 0.057773
5 0.0581049
5.01 0.0584279
5.02 0.058742
5.03 0.0590471
5.04 0.0593434
5.05 0.0596308
5.06 0.0599092
5.07 0.0601789
5.08 0.0604397
5.09 0.0606917
5.1 0.0609349
5.11 0.0611694
5.12 0.0613951
5.13 0.0616121
5.14 0.0618204
5.15 0.06202
5.16 0.062211
5.17 0.0623934
5.18 0.0625672
5.19 0.0627325
5.2 0.0628892
5.21 0.0630375
5.22 0.0631774
5.23 0.0633088
5.24 0.0634319
5.25 0.0635466
5.26 0.063653
5.27 0.0637512
5.28 0.0638411
5.29 0.0639229
5.3 0.0639965
5.31 0.064062
5.32 0.0641195
5.33 0.0641689
5.34 0.0642104
5.35 0.0642439
5.36 0.0642696
5.37 0.0642874
5.38 0.0642975
5.39 0.0642997
5.4 0.0642943
5.41 0.0642812
5.42 0.0642605
5.43 0.0642323
5.44 0.0641965
5.45 0.0641533
5.46 0.0641027
5.47 0.0640446
5.48 0.0639793
5.49 0.0639068
5.5 0.063827
5.51 0.06374
5.52 0.063646
5.53 0.0635448
5.54 0.0634367
5.55 0.0633216
5.56 0.0631997
5.57 0.0630709
5.58 0.0629352
5.59 0.0627929
5.6 0.0626439
5.61 0.0624882
5.62 0.062326
5.63 0.0621573
5.64 0.0619821
5.65 0.0618004
5.66 0.0616125
5.67 0.0614182
5.68 0.0612178
5.69 0.0610111
5.7 0.0607983
5.71 0.0605795
5.72 0.0603546
5.73 0.0601238
5.74 0.0598871
5.75 0.0596446
5.76 0.0593963
5.77 0.0591424
5.78 0.0588827
5.79 0.0586175
5.8 0.0583467
5.81 0.0580705
5.82 0.0577888
5.83 0.0575018
5.84 0.0572095
5.85 0.056912
5.86 0.0566094
5.87 0.0563016
5.88 0.0559887
5.89 0.0556709
5.9 0.0553482
5.91 0.0550206
5.92 0.0546882
5.93 0.0543511
5.94 0.0540094
5.95 0.053663
5.96 0.0533121
5.97 0.0529567
5.98 0.0525969
5.99 0.0522327
6 0.0518643
6.01 0.0514916
6.02 0.0511148
6.03 0.0507339
6.04 0.0503489
6.05 0.04996
6.06 0.0495672
6.07 0.0491706
6.08 0.0487702
6.09 0.0483661
6.1 0.0479584
6.11 0.0475471
6.12 0.0471323
6.13 0.0467141
6.14 0.0462925
6.15 0.0458677
6.16 0.0454395
6.17 0.0450083
6.18 0.0445739
6.19 0.0441365
6.2 0.0436961
6.21 0.0432528
6.22 0.0428067
6.23 0.0423579
6.24 0.0419064
6.25 0.0414522
6.26 0.0409955
6.27 0.0405363
6.28 0.0400746
6.29 0.0396107
6.3 0.0391444
6.31 0.0386759
6.32 0.0382053
6.33 0.0377326
6.34 0.0372579
6.35 0.0367813
6.36 0.0363028
6.37 0.0358225
6.38 0.0353405
6.39 0.0348568
6.4 0.0343715
6.41 0.0338846
6.42 0.0333964
6.43 0.0329067
6.44 0.0324157
6.45 0.0319235
6.46 0.0314301
6.47 0.0309356
6.48 0.03044
6.49 0.0299435
6.5 0.0294461
6.51 0.0289478
6.52 0.0284487
6.53 0.027949
6.54 0.0274486
6.55 0.0269476
6.56 0.0264462
6.57 0.0259443
6.58 0.0254421
6.59 0.0249395
6.6 0.0244368
6.61 0.0239338
6.62 0.0234308
6.63 0.0229278
6.64 0.0224247
6.65 0.0219218
6.66 0.0214191
6.67 0.0209166
6.68 0.0204144
6.69 0.0199126
6.7 0.0194112
6.71 0.0189103
6.72 0.0184099
6.73 0.0179102
6.74 0.0174111
6.75 0.0169129
6.76 0.0164154
6.77 0.0159187
6.78 0.015423
6.79 0.0149283
6.8 0.0144347
6.81 0.0139422
6.82 0.0134508
6.83 0.0129606
6.84 0.0124718
6.85 0.0119842
6.86 0.0114981
6.87 0.0110134
6.88 0.0105302
6.89 0.0100485
6.9 0.0095685
6.91 0.00909013
6.92 0.00861346
6.93 0.00813854
6.94 0.00766544
6.95 0.00719419
6.96 0.00672484
6.97 0.00625744
6.98 0.00579203
6.99 0.00532866
7 0.00486737
7.01 0.00440821
7.02 0.00395121
7.03 0.00349642
7.04 0.00304388
7.05 0.00259362
7.06 0.00214569
7.07 0.00170013
7.08 0.00125696
7.09 0.00081623
7.1 0.000377972
7.11 -5.77796e-05
7.12 -0.000490991
7.13 -0.000921629
7.14 -0.00134966
7.15 -0.00177505
7.16 -0.00219778
7.17 -0.00261781
7.18 -0.0030351
7.19 -0.00344964
7.2 -0.00386139
7.21 -0.00427033
7.22 -0.00467643
7.23 -0.00507966
7.24 -0.00547999
7.25 -0.0058774
7.26 -0.00627187
7.27 -0.00666336
7.28 -0.00705187
7.29 -0.00743735
7.3 -0.00781979
7.31 -0.00819918
7.32 -0.00857547
7.33 -0.00894866
7.34 -0.00931872
7.35 -0.00968563
7.36 -0.0100494
7.37 -0.0104099
7.38 -0.0107673
7.39 -0.0111214
7.4 -0.0114723
7.41 -0.0118199
7.42 -0.0121642
7.43 -0.0125053
7.44 -0.012843
7.45 -0.0131774
7.46 -0.0135084
7.47 -0.0138361
7.48 -0.0141604
7.49 -0.0144813
7.5 -0.0147989
7.51 -0.0151129
7.52 -0.0154236
7.53 -0.0157308
7.54 -0.0160345
7.55 -0.0163348
7.56 -0.0166316
7.57 -0.0169249
7.58 -0.0172146
7.59 -0.0175009
7.6 -0.0177836
7.61 -0.0180627
7.62 -0.0183383
7.63 -0.0186104
7.64 -0.0188788
7.65 -0.0191437
7.66 -0.019405
7.67 -0.0196626
7.68 -0.0199167
7.69 -0.0201671
7.7 -0.0204139
7.71 -0.020657
7.72 -0.0208965
7.73 -0.0211323
7.74 -0.0213645
7.75 -0.0215929
7.76 -0.0218177
7.77 -0.0220388
7.78 -0.0222562
7.79 -0.0224699
7.8 -0.0226799
7.81 -0.0228862
7.82 -0.0230887
7.83 -0.0232875
7.84 -0.0234826
7.85 -0.023674
7.86 -0.0238615
7.87 -0.0240454
7.88 -0.0242255
7.89 -0.0244018
7.9 -0.0245744
7.91 -0.0247432
7.92 -0.0249082
7.93 -0.0250695
7.94 -0.025227
7.95 -0.0253807
7.96 -0.0255306
7.97 -0.0256767
7.98 -0.0258191
7.99 -0.0259577
8 -0.0260925
8.01 -0.0262235
8.02 -0.0263507
8.03 -0.0264742
8.04 -0.0265938
8.05 -0.0267097
8.06 -0.0268218
8.07 -0.0269301
8.08 -0.0270346
8.09 -0.0271354
8.1 -0.0272324
8.11 -0.0273256
8.12 -0.027415
8.13 -0.0275007
8.14 -0.0275826
8.15 -0.0276608
8.16 -0.0277353
8.17 -0.0278059
8.18 -0.0278729
8.19 -0.0279361
8.2 -0.0279957
8.21 -0.0280515
8.22 -0.0281036
8.23 -0.028152
8.24 -0.0281967
8.25 -0.0282378
8.26 -0.0282752
8.27 -0.028309
8.28 -0.0283391
8.29 -0.0283656
8.3 -0.0283885
8.31 -0.0284078
8.32 -0.0284235
8.33 -0.0284357
8.34 -0.0284443
8.35 -0.0284494
8.36 -0.028451
8.37 -0.0284491
8.38 -0.0284438
8.39 -0.0284349
8.4 -0.0284227
8.41 -0.028407
8.42 -0.028388
8.43 -0.0283656
8.44 -0.0283398
8.45 -0.0283108
8.46 -0.0282784
8.47 -0.0282428
8.48 -0.0282039
8.49 -0.0281619
8.5 -0.0281166
8.51 -0.0280682
8.52 -0.0280166
8.53 -0.027962
8.54 -0.0279042
8.55 -0.0278435
8.56 -0.0277797
8.57 -0.0277129
8.58 -0.0276432
8.59 -0.0275705
8.6 -0.027495
8.61 -0.0274166
8.62 -0.0273354
8.63 -0.0272513
8.64 -0.0271646
8.65 -0.027075
8.66 -0.0269828
8.67 -0.0268879
8.68 -0.0267904
8.69 -0.0266903
8.7 -0.0265876
8.71 -0.0264823
8.72 -0.0263746
8.73 -0.0262644
8.74 -0.0261518
8.75 -0.0260367
8.76 -0.0259193
8.77 -0.0257995
8.78 -0.0256775
8.79 -0.0255532
8.8 -0.0254266
8.81 -0.0252978
8.82 -0.0251668
8.83 -0.0250337
8.84 -0.0248985
8.85 -0.0247613
8.86 -0.0246219
8.87 -0.0244806
8.88 -0.0243372
8.89 -0.024192
8.9 -0.0240448
8.91 -0.0238957
8.92 -0.0237447
8.93 -0.0235919
8.94 -0.0234374
8.95 -0.023281
8.96 -0.023123
8.97 -0.0229632
8.98 -0.0228017
8.99 -0.0226386
9 -0.0224738
9.01 -0.0223075
9.02 -0.0221396
9.03 -0.0219702
9.04 -0.0217993
9.05 -0.0216268
9.06 -0.021453
9.07 -0.0212777
9.08 -0.021101
9.09 -0.0209229
9.1 -0.0207435
9.11 -0.0205628
9.12 -0.0203807
9.13 -0.0201974
9.14 -0.0200129
9.15 -0.0198271
9.16 -0.0196402
9.17 -0.0194521
9.18 -0.0192628
9.19 -0.0190725
9.2 -0.018881
9.21 -0.0186885
9.22 -0.0184949
9.23 -0.0183003
9.24 -0.0181048
9.25 -0.0179082
9.26 -0.0177107
9.27 -0.0175123
9.28 -0.0173131
9.29 -0.0171129
9.3 -0.0169119
9.31 -0.0167101
9.32 -0.0165076
9.33 -0.0163042
9.34 -0.0161001
9.35 -0.0158953
9.36 -0.0156899
9.37 -0.0154838
9.38 -0.015277
9.39 -0.0150696
9.4 -0.0148617
9.41 -0.0146533
9.42 -0.0144443
9.43 -0.0142348
9.44 -0.0140248
9.45 -0.0138145
9.46 -0.0136037
9.47 -0.0133925
9.48 -0.013181
9.49 -0.0129692
9.5 -0.0127571
9.51 -0.0125448
9.52 -0.0123322
9.53 -0.0121194
9.54 -0.0119064
9.55 -0.0116934
9.56 -0.0114802
9.57 -0.0112669
9.58 -0.0110536
9.59 -0.0108403
9.6 -0.010627
9.61 -0.0104137
9.62 -0.0102006
9.63 -0.0099875
9.64 -0.00977459
9.65 -0.00956184
9.66 -0.0093493
9.67 -0.00913699
9.68 -0.00892495
9.69 -0.0087132
9.7 -0.00850178
9.71 -0.00829072
9.72 -0.00808004
9.73 -0.00786977
9.74 -0.00765995
9.75 -0.0074506
9.76 -0.00724175
9.77 -0.00703343
9.78 -0.00682567
9.79 -0.00661849
9.8 -0.00641192
9.81 -0.00620599
9.82 -0.00600073
9.83 -0.00579616
9.84 -0.0055923
9.85 -0.00538918
9.86 -0.00518683
9.87 -0.00498527
9.88 -0.00478452
9.89 -0.0045846
9.9 -0.00438555
9.91 -0.00418738
9.92 -0.0039901
9.93 -0.00379375
9.94 -0.00359835
9.95 -0.00340391
9.96 -0.00321045
9.97 -0.003018
9.98 -0.00282657
9.99 -0.00263618
10 -0.00244685
10.01 -0.0022586
10.02 -0.00207144
10.03 -0.00188539
10.04 -0.00170047
10.05 -0.00151669
10.06 -0.00133407
10.07 -0.00115262
10.08 -0.000972362
10.09 -0.000793306
10.1 -0.000615468
10.11 -0.00043886
10.12 -0.000263497
10.13 -8.9391e-05
10.14 8.34439e-05
10.15 0.000254996
10.16 0.000425252
10.17 0.0005942
10.18 0.000761828
10.19 0.000928126
10.2 0.00109308
10.21 0.00125668
10.22 0.00141892
10.23 0.00157977
10.24 0.00173925
10.25 0.00189732
10.26 0.00205399
10.27 0.00220924
10.28 0.00236306
10.29 0.00251544
10.3 0.00266637
10.31 0.00281585
10.32 0.00296385
10.33 0.00311038
10.34 0.00325541
10.35 0.00339895
10.36 0.00354098
10.37 0.00368148
10.38 0.00382046
10.39 0.0039579
10.4 0.00409379
10.41 0.00422812
10.42 0.00436087
10.43 0.00449205
10.44 0.00462163
10.45 0.00474962
10.46 0.00487599
10.47 0.00500073
10.48 0.00512385
10.49 0.00524532
10.5 0.00536513
10.51 0.00548328
10.52 0.00559975
10.53 0.00571453
10.54 0.00582762
10.55 0.005939
10.56 0.00604866
10.57 0.00615659
10.58 0.00626278
10.59 0.00636722
10.6 0.00646991
10.61 0.00657082
10.62 0.00666996
10.63 0.00676731
10.64 0.00686287
10.65 0.00695662
10.66 0.00704855
10.67 0.00713867
10.68 0.00722696
10.69 0.00731342
10.7 0.00739803
10.71 0.0074808
10.72 0.00756172
10.73 0.00764077
10.74 0.00771797
10.75 0.0077933
10.76 0.00786675
10.77 0.00793834
10.78 0.00800805
10.79 0.00807589
10.8 0.00814185
10.81 0.00820593
10.82 0.00826813
10.83 0.00832846
10.84 0.00838691
10.85 0.00844349
10.86 0.00849821
10.87 0.00855105
10.88 0.00860204
10.89 0.00865117
10.9 0.00869845
10.91 0.00874388
10.92 0.00878748
10.93 0.00882925
10.94 0.0088692
10.95 0.00890733
10.96 0.00894367
10.97 0.00897821
10.98 0.00901098
10.99 0.00904198
11 0.00907122
11.01 0.00909872
11.02 0.00912449
11.03 0.00914855
11.04 0.00917091
11.05 0.00919159
11.06 0.0092106
11.07 0.00922797
11.08 0.0092437
11.09 0.00925782
11.1 0.00927035
11.11 0.00928131
11.12 0.00929071
11.13 0.00929858
11.14 0.00930493
11.15 0.0093098
11.16 0.0093132
11.17 0.00931515
11.18 0.00931568
11.19 0.00931482
11.2 0.00931258
11.21 0.00930899
11.22 0.00930407
11.23 0.00929785
11.24 0.00929036
11.25 0.00928161
11.26 0.00927164
11.27 0.00926047
11.28 0.00924813
11.29 0.00923463
11.3 0.00922002
11.31 0.0092043
11.32 0.00918751
11.33 0.00916968
11.34 0.00915082
11.35 0.00913096
11.36 0.00911014
11.37 0.00908836
11.38 0.00906565
11.39 0.00904205
11.4 0.00901756
11.41 0.00899222
11.42 0.00896605
11.43 0.00893906
11.44 0.00891128
11.45 0.00888273
11.46 0.00885343
11.47 0.00882339
11.48 0.00879264
11.49 0.0087612
11.5 0.00872908
11.51 0.00869629
11.52 0.00866286
11.53 0.0086288
11.54 0.00859413
11.55 0.00855885
11.56 0.00852299
11.57 0.00848655
11.58 0.00844955
11.59 0.008412
11.6 0.00837391
11.61 0.0083353
11.62 0.00829617
11.63 0.00825653
11.64 0.0082164
11.65 0.00817577
11.66 0.00813467
11.67 0.00809309
11.68 0.00805105
11.69 0.00800855
11.7 0.00796561
11.71 0.00792222
11.72 0.0078784
11.73 0.00783414
11.74 0.00778947
11.75 0.00774438
11.76 0.00769887
11.77 0.00765297
11.78 0.00760666
11.79 0.00755996
11.8 0.00751287
11.81 0.0074654
11.82 0.00741755
11.83 0.00736933
11.84 0.00732074
11.85 0.00727179
11.86 0.00722248
11.87 0.00717282
11.88 0.00712282
11.89 0.00707247
11.9 0.00702179
11.91 0.00697078
11.92 0.00691945
11.93 0.00686779
11.94 0.00681583
11.95 0.00676355
11.96 0.00671098
11.97 0.0066581
11.98 0.00660494
11.99 0.0065515
12 0.00649777
12.01 0.00644378
12.02 0.00638952
12.03 0.006335
12.04 0.00628023
12.05 0.00622522
12.06 0.00616997
12.07 0.00611449
12.08 0.00605879
12.09 0.00600287
12.1 0.00594675
12.11 0.00589044
12.12 0.00583394
12.13 0.00577726
12.14 0.00572041
12.15 0.0056634
12.16 0.00560625
12.17 0.00554896
12.18 0.00549154
12.19 0.00543401
12.2 0.00537637
12.21 0.00531865
12.22 0.00526085
12.23 0.00520299
12.24 0.00514508
12.25 0.00508713
12.26 0.00502916
12.27 0.00497119
12.28 0.00491323
12.29 0.00485529
12.3 0.0047974
12.31 0.00473956
12.32 0.0046818
12.33 0.00462413
12.34 0.00456658
12.35 0.00450915
12.36 0.00445186
12.37 0.00439474
12.38 0.0043378
12.39 0.00428106
12.4 0.00422454
12.41 0.00416826
12.42 0.00411223
12.43 0.00405647
12.44 0.004001
12.45 0.00394584
12.46 0.003891
12.47 0.0038365
12.48 0.00378237
12.49 0.00372861
12.5 0.00367524
12.51 0.00362227
12.52 0.00356973
12.53 0.00351762
12.54 0.00346596
12.55 0.00341477
12.56 0.00336405
12.57 0.00331382
12.58 0.00326409
12.59 0.00321487
12.6 0.00316617
12.61 0.003118
12.62 0.00307037
12.63 0.00302328
12.64 0.00297675
12.65 0.00293078
12.66 0.00288537
12.67 0.00284054
12.68 0.00279628
12.69 0.0027526
12.7 0.0027095
12.71 0.00266699
12.72 0.00262507
12.73 0.00258373
12.74 0.00254298
12.75 0.00250282
12.76 0.00246324
12.77 0.00242425
12.78 0.00238585
12.79 0.00234803
12.8 0.00231078
12.81 0.00227412
12.82 0.00223802
12.83 0.00220249
12.84 0.00216753
12.85 0.00213312
12.86 0.00209927
12.87 0.00206596
12.88 0.0020332
12.89 0.00200097
12.9 0.00196927
12.91 0.0019381
12.92 0.00190743
12.93 0.00187728
12.94 0.00184763
12.95 0.00181847
12.96 0.00178979
12.97 0.0017616
12.98 0.00173387
12.99 0.0017066
13 0.00167979
13.01 0.00165342
13.02 0.00162749
13.03 0.00160199
13.04 0.00157691
13.05 0.00155224
13.06 0.00152797
13.07 0.00150409
13.08 0.00148061
13.09 0.00145749
13.1 0.00143475
13.11 0.00141237
13.12 0.00139034
13.13 0.00136865
13.14 0.0013473
13.15 0.00132628
13.16 0.00130557
13.17 0.00128518
13.18 0.00126509
13.19 0.0012453
13.2 0.0012258
13.21 0.00120658
13.22 0.00118764
13.23 0.00116896
13.24 0.00115055
13.25 0.0011324
13.26 0.0011145
13.27 0.00109684
13.28 0.00107943
13.29 0.00106225
13.3 0.00104531
13.31 0.0010286
13.32 0.00101211
13.33 0.000995842
13.34 0.000979797
13.35 0.000963969
13.36 0.000948358
13.37 0.000932961
13.38 0.000917778
13.39 0.000902808
13.4 0.00088805
13.41 0.000873506
13.42 0.000859175
13.43 0.000845058
13.44 0.000831157
13.45 0.000817471
13.46 0.000804004
13.47 0.000790757
13.48 0.000777732
13.49 0.000764931
13.5 0.000752356
13.51 0.000740009
13.52 0.000727894
13.53 0.000716012
13.54 0.000704366
13.55 0.000692958
13.56 0.00068179
13.57 0.000670864
13.58 0.000660182
13.59 0.000649746
13.6 0.000639555
13.61 0.000629612
13.62 0.000619917
13.63 0.000610469
13.64 0.000601268
13.65 0.000592314
13.66 0.000583605
13.67 0.000575138
13.68 0.000566911
13.69 0.000558922
13.7 0.000551165
13.71 0.000543637
13.72 0.000536333
13.73 0.000529246
13.74 0.00052237
13.75 0.000515699
13.76 0.000509224
13.77 0.000502937
13.78 0.000496829
13.79 0.00049089
13.8 0.000485111
13.81 0.00047948
13.82 0.000473985
13.83 0.000468616
13.84 0.00046336
13.85 0.000458204
13.86 0.000453136
13.87 0.000448141
13.88 0.000443206
13.89 0.000438317
13.9 0.00043346
13.91 0.000428621
13.92 0.000423785
13.93 0.000418939
13.94 0.000414067
13.95 0.000409156
13.96 0.000404191
13.97 0.000399158
13.98 0.000394045
13.99 0.000388837
14 0.000383522
14.01 0.000378086
14.02 0.000372518
14.03 0.000366807
14.04 0.00036094
14.05 0.000354908
14.06 0.000348699
14.07 0.000342306
14.08 0.000335719
14.09 0.000328929
14.1 0.000321931
14.11 0.000314716
14.12 0.000307279
14.13 0.000299614
14.14 0.000291718
14.15 0.000283586
14.16 0.000275215
14.17 0.000266602
14.18 0.000257747
14.19 0.000248648
14.2 0.000239304
14.21 0.000229715
14.22 0.000219884
14.23 0.000209811
14.24 0.000199498
14.25 0.000188947
14.26 0.000178162
14.27 0.000167147
14.28 0.000155904
14.29 0.000144439
14.3 0.000132755
14.31 0.000120858
14.32 0.000108753
14.33 9.64444e-05
14.34 8.39386e-05
14.35 7.12409e-05
14.36 5.8357e-05
14.37 4.52925e-05
14.38 3.20532e-05
14.39 1.86449e-05
14.4 5.07319e-06
14.41 -8.65635e-06
14.42 -2.25382e-05
14.43 -3.65671e-05
14.44 -5.07379e-05
14.45 -6.50454e-05
14.46 -7.94849e-05
14.47 -9.40519e-05
14.48 -0.000108742
14.49 -0.000123551
14.5 -0.000138474
14.51 -0.000153509
14.52 -0.000168652
14.53 -0.000183899
14.54 -0.000199248
14.55 -0.000214696
14.56 -0.00023024
14.57 -0.000245878
14.58 -0.000261608
14.59 -0.000277428
14.6 -0.000293337
14.61 -0.000309331
14.62 -0.000325412
14.63 -0.000341576
14.64 -0.000357823
14.65 -0.000374152
14.66 -0.000390562
14.67 -0.000407052
14.68 -0.000423621
14.69 -0.00044027
14.7 -0.000456996
14.71 -0.0004738
14.72 -0.000490682
14.73 -0.000507641
14.74 -0.000524676
14.75 -0.000541787
14.76 -0.000558974
14.77 -0.000576237
14.78 -0.000593576
14.79 -0.00061099
14.8 -0.000628479
14.81 -0.000646043
14.82 -0.000663683
14.83 -0.000681398
14.84 -0.000699189
14.85 -0.000717055
14.86 -0.000734997
14.87 -0.000753015
14.88 -0.000771109
14.89 -0.00078928
14.9 -0.000807528
14.91 -0.000825854
14.92 -0.000844258
14.93 -0.00086274
14.94 -0.000881302
14.95 -0.000899944
14.96 -0.000918667
14.97 -0.000937471
14.98 -0.000956357
14.99 -0.000975326
15 -0.000994378
15.01 -0.00101351
15.02 -0.00103274
15.03 -0.00105204
15.04 -0.00107143
15.05 -0.00109091
15.06 -0.00111048
15.07 -0.00113013
15.08 -0.00114986
15.09 -0.00116969
15.1 -0.0011896
15.11 -0.00120959
15.12 -0.00122967
15.13 -0.00124983
15.14 -0.00127008
15.15 -0.0012904
15.16 -0.0013108
15.17 -0.00133128
15.18 -0.00135183
15.19 -0.00137245
15.2 -0.00139314
15.21 -0.00141389
15.22 -0.0014347
15.23 -0.00145557
15.24 -0.00147648
15.25 -0.00149744
15.26 -0.00151844
15.27 -0.00153947
15.28 -0.00156053
15.29 -0.00158161
15.3 -0.0016027
15.31 -0.0016238
15.32 -0.00164489
15.33 -0.00166597
15.34 -0.00168704
15.35 -0.00170807
15.36 -0.00172907
15.37 -0.00175002
15.38 -0.00177092
15.39 -0.00179175
15.4 -0.00181251
15.41 -0.00183318
15.42 -0.00185375
15.43 -0.00187422
15.44 -0.00189458
15.45 -0.00191481
15.46 -0.00193491
15.47 -0.00195486
15.48 -0.00197466
15.49 -0.0019943
15.5 -0.00201377
15.51 -0.00203305
15.52 -0.00205215
15.53 -0.00207105
15.54 -0.00208974
15.55 -0.00210823
15.56 -0.0021265
15.57 -0.00214454
15.58 -0.00216235
15.59 -0.00217993
15.6 -0.00219727
15.61 -0.00221436
15.62 -0.00223121
15.63 -0.00224781
15.64 -0.00226415
15.65 -0.00228024
15.66 -0.00229608
15.67 -0.00231166
15.68 -0.00232699
15.69 -0.00234207
15.7 -0.00235689
15.71 -0.00237146
15.72 -0.00238578
15.73 -0.00239985
15.74 -0.00241369
15.75 -0.00242728
15.76 -0.00244064
15.77 -0.00245378
15.78 -0.00246668
15.79 -0.00247937
15.8 -0.00249185
15.81 -0.00250412
15.82 -0.00251619
15.83 -0.00252806
15.84 -0.00253975
15.85 -0.00255126
15.86 -0.00256259
15.87 -0.00257376
15.88 -0.00258477
15.89 -0.00259563
15.9 -0.00260634
15.91 -0.00261691
15.92 -0.00262735
15.93 -0.00263767
15.94 -0.00264787
15.95 -0.00265795
15.96 -0.00266794
15.97 -0.00267782
15.98 -0.00268762
15.99 -0.00269732
16 -0.00270694
16.01 -0.00271649
16.02 -0.00272597
16.03 -0.00273537
16.04 -0.00274472
16.05 -0.002754
16.06 -0.00276323
16.07 -0.0027724
16.08 -0.00278153
16.09 -0.0027906
16.1 -0.00279963
16.11 -0.00280861
16.12 -0.00281754
16.13 -0.00282643
16.14 -0.00283527
16.15 -0.00284407
16.16 -0.00285281
16.17 -0.00286151
16.18 -0.00287016
16.19 -0.00287875
16.2 -0.00288728
16.21 -0.00289576
16.22 -0.00290417
16.23 -0.00291251
16.24 -0.00292077
16.25 -0.00292896
16.26 -0.00293706
16.27 -0.00294508
16.28 -0.00295299
16.29 -0.00296081
16.3 -0.00296851
16.31 -0.0029761
16.32 -0.00298356
16.33 -0.00299089
16.34 -0.00299808
16.35 -0.00300513
16.36 -0.00301202
16.37 -0.00301875
16.38 -0.0030253
16.39 -0.00303168
16.4 -0.00303787
16.41 -0.00304386
16.42 -0.00304965
16.43 -0.00305522
16.44 -0.00306058
16.45 -0.0030657
16.46 -0.00307059
16.47 -0.00307524
16.48 -0.00307963
16.49 -0.00308376
16.5 -0.00308763
16.51 -0.00309122
16.52 -0.00309453
16.53 -0.00309756
16.54 -0.00310029
16.55 -0.00310272
16.56 -0.00310484
16.57 -0.00310666
16.58 -0.00310815
16.59 -0.00310933
16.6 -0.00311018
16.61 -0.0031107
16.62 -0.00311089
16.63 -0.00311075
16.64 -0.00311026
16.65 -0.00310943
16.66 -0.00310825
16.67 -0.00310673
16.68 -0.00310486
16.69 -0.00310264
16.7 -0.00310007
16.71 -0.00309715
16.72 -0.00309388
16.73 -0.00309026
16.74 -0.00308629
16.75 -0.00308198
16.76 -0.00307731
16.77 -0.00307231
16.78 -0.00306696
16.79 -0.00306127
16.8 -0.00305525
16.81 -0.0030489
16.82 -0.00304222
16.83 -0.00303522
16.84 -0.0030279
16.85 -0.00302027
16.86 -0.00301234
16.87 -0.0030041
16.88 -0.00299557
16.89 -0.00298675
16.9 -0.00297766
16.91 -0.00296829
16.92 -0.00295865
16.93 -0.00294876
16.94 -0.00293861
16.95 -0.00292823
16.96 -0.00291761
16.97 -0.00290677
16.98 -0.00289571
16.99 -0.00288444
17 -0.00287298
17.01 -0.00286132
17.02 -0.00284949
17.03 -0.00283749
17.04 -0.00282532
17.05 -0.002813
17.06 -0.00280054
17.07 -0.00278794
17.08 -0.00277522
17.09 -0.00276238
17.1 -0.00274943
17.11 -0.00273638
17.12 -0.00272324
17.13 -0.00271001
17.14 -0.00269671
17.15 -0.00268335
17.16 -0.00266992
17.17 -0.00265643
17.18 -0.00264291
17.19 -0.00262934
17.2 -0.00261573
17.21 -0.0026021
17.22 -0.00258845
17.23 -0.00257478
17.24 -0.0025611
17.25 -0.00254741
17.26 -0.00253371
17.27 -0.00252002
17.28 -0.00250633
17.29 -0.00249265
17.3 -0.00247897
17.31 -0.00246531
17.32 -0.00245166
17.33 -0.00243803
17.34 -0.00242441
17.35 -0.0024108
17.36 -0.00239722
17.37 -0.00238365
17.38 -0.00237009
17.39 -0.00235655
17.4 -0.00234303
17.41 -0.00232951
17.42 -0.00231601
17.43 -0.00230251
17.44 -0.00228901
17.45 -0.00227552
17.46 -0.00226203
17.47 -0.00224853
17.48 -0.00223501
17.49 -0.00222149
17.5 -0.00220794
17.51 -0.00219438
17.52 -0.00218078
17.53 -0.00216715
17.54 -0.00215348
17.55 -0.00213976
17.56 -0.00212599
17.57 -0.00211217
17.58 -0.00209828
17.59 -0.00208432
17.6 -0.00207029
17.61 -0.00205617
17.62 -0.00204196
17.63 -0.00202766
17.64 -0.00201326
17.65 -0.00199874
17.66 -0.00198411
17.67 -0.00196936
17.68 -0.00195448
17.69 -0.00193946
17.7 -0.0019243
17.71 -0.00190899
17.72 -0.00189352
17.73 -0.00187789
17.74 -0.00186209
17.75 -0.00184612
17.76 -0.00182997
17.77 -0.00181363
17.78 -0.00179709
17.79 -0.00178035
17.8 -0.00176341
17.81 -0.00174625
17.82 -0.00172888
17.83 -0.00171128
17.84 -0.00169345
17.85 -0.00167539
17.86 -0.00165708
17.87 -0.00163853
17.88 -0.00161972
17.89 -0.00160065
17.9 -0.00158132
17.91 -0.00156172
17.92 -0.00154184
17.93 -0.00152168
17.94 -0.00150124
17.95 -0.0014805
17.96 -0.00145946
17.97 -0.00143812
17.98 -0.00141647
17.99 -0.0013945
18 -0.00137221
18.01 -0.0013496
18.02 -0.00132666
18.03 -0.00130337
18.04 -0.00127975
18.05 -0.00125578
18.06 -0.00123145
18.07 -0.00120677
18.08 -0.00118172
18.09 -0.0011563
18.1 -0.00113051
18.11 -0.00110434
18.12 -0.00107779
18.13 -0.00105085
18.14 -0.00102352
18.15 -0.000995793
18.16 -0.000967664
18.17 -0.00093913
18.18 -0.000910188
18.19 -0.000880834
18.2 -0.000851065
18.21 -0.000820878
18.22 -0.00079027
18.23 -0.000759239
18.24 -0.000727783
18.25 -0.000695899
18.26 -0.000663586
18.27 -0.000630843
18.28 -0.000597669
18.29 -0.000564063
18.3 -0.000530025
18.31 -0.000495555
18.32 -0.000460655
18.33 -0.000425324
18.34 -0.000389563
18.35 -0.000353376
18.36 -0.000316763
18.37 -0.000279728
18.38 -0.000242272
18.39 -0.000204401
18.4 -0.000166117
18.41 -0.000127424
18.42 -8.83282e-05
18.43 -4.88336e-05
18.44 -8.94609e-06
18.45 3.13283e-05
18.46 7.19831e-05
18.47 0.000113011
18.48 0.000154406
18.49 0.000196159
18.5 0.000238261
18.51 0.000280705
18.52 0.000323482
18.53 0.000366581
18.54 0.000409992
18.55 0.000453706
18.56 0.000497712
18.57 0.000541998
18.58 0.000586553
18.59 0.000631364
18.6 0.000676421
18.61 0.000721711
18.62 0.000767219
18.63 0.000812934
18.64 0.000858843
18.65 0.00090493
18.66 0.000951184
18.67 0.000997589
18.68 0.00104413
18.69 0.0010908
18.7 0.00113757
18.71 0.00118444
18.72 0.00123139
18.73 0.0012784
18.74 0.00132546
18.75 0.00137256
18.76 0.00141968
18.77 0.00146681
18.78 0.00151393
18.79 0.00156102
18.8 0.00160808
18.81 0.00165508
18.82 0.00170202
18.83 0.00174889
18.84 0.00179566
18.85 0.00184232
18.86 0.00188887
18.87 0.00193528
18.88 0.00198155
18.89 0.00202767
18.9 0.00207362
18.91 0.00211939
18.92 0.00216497
18.93 0.00221035
18.94 0.00225553
18.95 0.00230048
18.96 0.00234521
18.97 0.0023897
18.98 0.00243395
18.99 0.00247794
19 0.00252168
19.01 0.00256515
19.02 0.00260836
19.03 0.00265129
19.04 0.00269394
19.05 0.00273631
19.06 0.00277839
19.07 0.00282019
19.08 0.00286169
19.09 0.0029029
19.1 0.00294383
19.11 0.00298446
19.12 0.00302479
19.13 0.00306484
19.14 0.0031046
19.15 0.00314408
19.16 0.00318327
19.17 0.00322218
19.18 0.00326081
19.19 0.00329918
19.2 0.00333727
19.21 0.00337511
19.22 0.00341269
19.23 0.00345002
19.24 0.0034871
19.25 0.00352395
19.26 0.00356057
19.27 0.00359696
19.28 0.00363314
19.29 0.00366911
19.3 0.00370487
19.31 0.00374044
19.32 0.00377582
19.33 0.00381102
19.34 0.00384604
19.35 0.00388089
19.36 0.00391558
19.37 0.00395011
19.38 0.00398449
19.39 0.00401872
19.4 0.00405281
19.41 0.00408675
19.42 0.00412056
19.43 0.00415424
19.44 0.00418778
19.45 0.00422119
19.46 0.00425447
19.47 0.00428762
19.48 0.00432063
19.49 0.00435352
19.5 0.00438626
19.51 0.00441886
19.52 0.00445132
19.53 0.00448362
19.54 0.00451577
19.55 0.00454775
19.56 0.00457955
19.57 0.00461118
19.58 0.00464261
19.59 0.00467384
19.6 0.00470486
19.61 0.00473565
19.62 0.0047662
19.63 0.00479649
19.64 0.00482652
19.65 0.00485626
19.66 0.0048857
19.67 0.00491483
19.68 0.00494362
19.69 0.00497206
19.7 0.00500012
19.71 0.0050278
19.72 0.00505507
19.73 0.00508191
19.74 0.0051083
19.75 0.00513423
19.76 0.00515966
19.77 0.00518458
19.78 0.00520898
19.79 0.00523282
19.8 0.00525609
19.81 0.00527876
19.82 0.00530083
19.83 0.00532226
19.84 0.00534303
19.85 0.00536313
19.86 0.00538254
19.87 0.00540124
19.88 0.0054192
19.89 0.00543641
19.9 0.00545286
19.91 0.00546852
19.92 0.00548337
19.93 0.00549741
19.94 0.00551062
19.95 0.00552298
19.96 0.00553447
19.97 0.00554509
19.98 0.00555482
19.99 0.00556366
20 0.00557158
20.01 0.00557859
20.02 0.00558466
20.03 0.0055898
20.04 0.00559399
20.05 0.00559724
20.06 0.00559952
20.07 0.00560085
20.08 0.00560122
20.09 0.00560061
20.1 0.00559904
20.11 0.0055965
20.12 0.005593
20.13 0.00558852
20.14 0.00558308
20.15 0.00557667
20.16 0.00556931
20.17 0.00556099
20.18 0.00555172
20.19 0.0055415
20.2 0.00553034
20.21 0.00551826
20.22 0.00550525
20.23 0.00549132
20.24 0.00547649
20.25 0.00546077
20.26 0.00544416
20.27 0.00542667
20.28 0.00540832
20.29 0.00538912
20.3 0.00536908
20.31 0.00534821
20.32 0.00532652
20.33 0.00530404
20.34 0.00528076
20.35 0.00525671
20.36 0.0052319
20.37 0.00520634
20.38 0.00518004
20.39 0.00515303
20.4 0.00512531
20.41 0.00509689
20.42 0.00506779
20.43 0.00503803
20.44 0.00500761
20.45 0.00497655
20.46 0.00494487
20.47 0.00491257
20.48 0.00487966
20.49 0.00484616
20.5 0.00481209
20.51 0.00477744
20.52 0.00474223
20.53 0.00470648
20.54 0.00467018
20.55 0.00463335
20.56 0.004596
20.57 0.00455813
20.58 0.00451975
20.59 0.00448087
20.6 0.0044415
20.61 0.00440163
20.62 0.00436127
20.63 0.00432043
20.64 0.00427912
20.65 0.00423732
20.66 0.00419505
20.67 0.00415231
20.68 0.00410909
20.69 0.0040654
20.7 0.00402124
20.71 0.00397661
20.72 0.0039315
20.73 0.00388591
20.74 0.00383985
20.75 0.0037933
20.76 0.00374627
20.77 0.00369875
20.78 0.00365074
20.79 0.00360224
20.8 0.00355324
20.81 0.00350373
20.82 0.00345372
20.83 0.00340319
20.84 0.00335214
20.85 0.00330058
20.86 0.00324848
20.87 0.00319586
20.88 0.00314269
20.89 0.00308899
20.9 0.00303474
20.91 0.00297994
20.92 0.00292459
20.93 0.00286868
20.94 0.00281221
20.95 0.00275518
20.96 0.00269758
20.97 0.00263941
20.98 0.00258067
20.99 0.00252137
21 0.00246148
21.01 0.00240103
21.02 0.00234001
21.03 0.00227841
21.04 0.00221625
21.05 0.00215352
21.06 0.00209022
21.07 0.00202637
21.08 0.00196196
21.09 0.00189699
21.1 0.00183149
21.11 0.00176544
21.12 0.00169886
21.13 0.00163176
21.14 0.00156414
21.15 0.00149602
21.16 0.00142741
21.17 0.00135831
21.18 0.00128874
21.19 0.00121871
21.2 0.00114823
21.21 0.00107733
21.22 0.001006
21.23 0.00093428
21.24 0.000862171
21.25 0.000789696
21.26 0.00071687
21.27 0.000643713
21.28 0.000570244
21.29 0.000496482
21.3 0.000422447
21.31 0.000348161
21.32 0.000273643
21.33 0.000198917
21.34 0.000124004
21.35 4.89265e-05
21.36 -2.62922e-05
21.37 -0.000101629
21.38 -0.00017706
21.39 -0.000252562
21.4 -0.000328111
21.41 -0.000403682
21.42 -0.000479251
21.43 -0.000554793
21.44 -0.000630284
21.45 -0.0007057
21.46 -0.000781016
21.47 -0.000856207
21.48 -0.000931249
21.49 -0.00100612
21.5 -0.00108079
21.51 -0.00115524
21.52 -0.00122944
21.53 -0.00130338
21.54 -0.00137703
21.55 -0.00145036
21.56 -0.00152336
21.57 -0.001596
21.58 -0.00166826
21.59 -0.00174012
21.6 -0.00181156
21.61 -0.00188256
21.62 -0.0019531
21.63 -0.00202316
21.64 -0.00209272
21.65 -0.00216177
21.66 -0.00223029
21.67 -0.00229826
21.68 -0.00236567
21.69 -0.0024325
21.7 -0.00249873
21.71 -0.00256436
21.72 -0.00262937
21.73 -0.00269374
21.74 -0.00275747
21.75 -0.00282054
21.76 -0.00288295
21.77 -0.00294467
21.78 -0.00300571
21.79 -0.00306605
21.8 -0.00312569
21.81 -0.00318462
21.82 -0.00324282
21.83 -0.0033003
21.84 -0.00335705
21.85 -0.00341306
21.86 -0.00346833
21.87 -0.00352285
21.88 -0.00357662
21.89 -0.00362963
21.9 -0.00368189
21.91 -0.00373339
21.92 -0.00378412
21.93 -0.0038341
21.94 -0.00388331
21.95 -0.00393175
21.96 -0.00397943
21.97 -0.00402634
21.98 -0.00407249
21.99 -0.00411787
22 -0.0041625
22.01 -0.00420636
22.02 -0.00424946
22.03 -0.0042918
22.04 -0.00433339
22.05 -0.00437422
22.06 -0.0044143
22.07 -0.00445364
22.08 -0.00449223
22.09 -0.00453008
22.1 -0.00456719
22.11 -0.00460357
22.12 -0.00463921
22.13 -0.00467413
22.14 -0.00470832
22.15 -0.00474179
22.16 -0.00477454
22.17 -0.00480658
22.18 -0.0048379
22.19 -0.00486852
22.2 -0.00489843
22.21 -0.00492764
22.22 -0.00495616
22.23 -0.00498397
22.24 -0.00501109
22.25 -0.00503751
22.26 -0.00506325
22.27 -0.0050883
22.28 -0.00511266
22.29 -0.00513633
22.3 -0.00515932
22.31 -0.00518163
22.32 -0.00520326
22.33 -0.0052242
22.34 -0.00524446
22.35 -0.00526403
22.36 -0.00528293
22.37 -0.00530114
22.38 -0.00531867
22.39 -0.00533552
22.4 -0.00535168
22.41 -0.00536716
22.42 -0.00538195
22.43 -0.00539605
22.44 -0.00540946
22.45 -0.00542219
22.46 -0.00543422
22.47 -0.00544556
22.48 -0.0054562
22.49 -0.00546615
22.5 -0.00547541
22.51 -0.00548396
22.52 -0.00549182
22.53 -0.00549898
22.54 -0.00550543
22.55 -0.00551119
22.56 -0.00551625
22.57 -0.0055206
22.58 -0.00552425
22.59 -0.0055272
22.6 -0.00552945
22.61 -0.005531
22.62 -0.00553185
22.63 -0.00553201
22.64 -0.00553146
22.65 -0.00553022
22.66 -0.00552829
22.67 -0.00552566
22.68 -0.00552235
22.69 -0.00551835
22.7 -0.00551367
22.71 -0.00550831
22.72 -0.00550226
22.73 -0.00549555
22.74 -0.00548816
22.75 -0.00548011
22.76 -0.0054714
22.77 -0.00546203
22.78 -0.005452
22.79 -0.00544132
22.8 -0.00543
22.81 -0.00541803
22.82 -0.00540543
22.83 -0.00539219
22.84 -0.00537833
22.85 -0.00536384
22.86 -0.00534874
22.87 -0.00533302
22.88 -0.00531669
22.89 -0.00529975
22.9 -0.00528222
22.91 -0.00526409
22.92 -0.00524537
22.93 -0.00522607
22.94 -0.00520618
22.95 -0.00518571
22.96 -0.00516468
22.97 -0.00514307
22.98 -0.00512091
22.99 -0.00509818
23 -0.00507491
23.01 -0.00505108
23.02 -0.00502671
23.03 -0.00500179
23.04 -0.00497635
23.05 -0.00495037
23.06 -0.00492387
23.07 -0.00489684
23.08 -0.0048693
23.09 -0.00484125
23.1 -0.00481268
23.11 -0.00478362
23.12 -0.00475406
23.13 -0.00472401
23.14 -0.00469347
23.15 -0.00466245
23.16 -0.00463095
23.17 -0.00459898
23.18 -0.00456654
23.19 -0.00453364
23.2 -0.00450028
23.21 -0.00446648
23.22 -0.00443223
23.23 -0.00439754
23.24 -0.00436241
23.25 -0.00432686
23.26 -0.00429089
23.27 -0.00425451
23.28 -0.00421771
23.29 -0.00418051
23.3 -0.00414292
23.31 -0.00410494
23.32 -0.00406657
23.33 -0.00402783
23.34 -0.00398872
23.35 -0.00394925
23.36 -0.00390942
23.37 -0.00386925
23.38 -0.00382874
23.39 -0.0037879
23.4 -0.00374673
23.41 -0.00370525
23.42 -0.00366346
23.43 -0.00362136
23.44 -0.00357898
23.45 -0.00353632
23.46 -0.00349337
23.47 -0.00345017
23.48 -0.0034067
23.49 -0.00336299
23.5 -0.00331903
23.51 -0.00327484
23.52 -0.00323043
23.53 -0.00318581
23.54 -0.00314097
23.55 -0.00309595
23.56 -0.00305073
23.57 -0.00300534
23.58 -0.00295978
23.59 -0.00291405
23.6 -0.00286818
23.61 -0.00282216
23.62 -0.00277601
23.63 -0.00272973
23.64 -0.00268334
23.65 -0.00263684
23.66 -0.00259024
23.67 -0.00254355
23.68 -0.00249679
23.69 -0.00244995
23.7 -0.00240305
23.71 -0.00235609
23.72 -0.00230909
23.73 -0.00226205
23.74 -0.00221498
23.75 -0.00216789
23.76 -0.00212079
23.77 -0.00207369
23.78 -0.00202659
23.79 -0.0019795
23.8 -0.00193243
23.81 -0.00188539
23.82 -0.00183839
23.83 -0.00179142
23.84 -0.00174451
23.85 -0.00169765
23.86 -0.00165085
23.87 -0.00160412
23.88 -0.00155746
23.89 -0.00151088
23.9 -0.00146438
23.91 -0.00141798
23.92 -0.00137167
23.93 -0.00132545
23.94 -0.00127934
23.95 -0.00123333
23.96 -0.00118743
23.97 -0.00114163
23.98 -0.00109595
23.99 -0.00105039
24 -0.00100493
24.01 -0.000959596
24.02 -0.000914374
24.03 -0.000869268
24.04 -0.000824276
24.05 -0.000779399
24.06 -0.000734634
24.07 -0.000689981
24.08 -0.000645437
24.09 -0.000601
24.1 -0.000556668
24.11 -0.000512437
24.12 -0.000468305
24.13 -0.000424268
24.14 -0.000380324
24.15 -0.000336467
24.16 -0.000292695
24.17 -0.000249004
24.18 -0.00020539
24.19 -0.000161849
24.2 -0.000118377
24.21 -7.49693e-05
24.22 -3.16234e-05
24.23 1.16651e-05
24.24 5.48997e-05
24.25 9.80838e-05
24.26 0.000141221
24.27 0.000184314
24.28 0.000227365
24.29 0.000270378
24.3 0.000313355
24.31 0.000356298
24.32 0.000399207
24.33 0.000442086
24.34 0.000484934
24.35 0.000527752
24.36 0.000570541
24.37 0.000613299
24.38 0.000656028
24.39 0.000698725
24.4 0.000741389
24.41 0.000784019
24.42 0.000826611
24.43 0.000869163
24.44 0.000911672
24.45 0.000954135
24.46 0.000996546
24.47 0.0010389
24.48 0.0010812
24.49 0.00112343
24.5 0.00116559
24.51 0.00120767
24.52 0.00124966
24.53 0.00129157
24.54 0.00133337
24.55 0.00137507
24.56 0.00141666
24.57 0.00145812
24.58 0.00149946
24.59 0.00154065
24.6 0.00158169
24.61 0.00162258
24.62 0.0016633
24.63 0.00170384
24.64 0.00174419
24.65 0.00178435
24.66 0.0018243
24.67 0.00186403
24.68 0.00190354
24.69 0.00194281
24.7 0.00198183
24.71 0.00202059
24.72 0.00205909
24.73 0.00209731
24.74 0.00213523
24.75 0.00217286
24.76 0.00221019
24.77 0.00224719
24.78 0.00228386
24.79 0.0023202
24.8 0.00235619
24.81 0.00239182
24.82 0.00242709
24.83 0.00246198
24.84 0.00249649
24.85 0.00253061
24.86 0.00256433
24.87 0.00259764
24.88 0.00263054
24.89 0.00266301
24.9 0.00269506
24.91 0.00272666
24.92 0.00275783
24.93 0.00278854
24.94 0.0028188
24.95 0.00284859
24.96 0.00287793
24.97 0.00290679
24.98 0.00293517
24.99 0.00296308
25 0.0029905
25.01 0.00301743
25.02 0.00304388
25.03 0.00306983
25.04 0.00309529
25.05 0.00312025
25.06 0.00314472
25.07 0.00316868
25.08 0.00319215
25.09 0.00321512
25.1 0.00323759
25.11 0.00325956
25.12 0.00328103
25.13 0.00330201
25.14 0.00332249
25.15 0.00334248
25.16 0.00336198
25.17 0.00338099
25.18 0.00339951
25.19 0.00341756
25.2 0.00343512
25.21 0.00345221
25.22 0.00346883
25.23 0.00348499
25.24 0.00350068
25.25 0.00351591
25.26 0.00353069
25.27 0.00354502
25.28 0.00355891
25.29 0.00357236
25.3 0.00358537
25.31 0.00359796
25.32 0.00361012
25.33 0.00362186
25.34 0.00363319
25.35 0.0036441
25.36 0.00365461
25.37 0.00366472
25.38 0.00367443
25.39 0.00368375
25.4 0.00369268
25.41 0.00370123
25.42 0.00370939
25.43 0.00371717
25.44 0.00372458
25.45 0.00373162
25.46 0.00373829
25.47 0.00374459
25.48 0.00375052
25.49 0.00375608
25.5 0.00376129
25.51 0.00376613
25.52 0.00377061
25.53 0.00377472
25.54 0.00377847
25.55 0.00378186
25.56 0.00378489
25.57 0.00378755
25.58 0.00378985
25.59 0.00379178
25.6 0.00379334
25.61 0.00379452
25.62 0.00379534
25.63 0.00379577
25.64 0.00379583
25.65 0.00379551
25.66 0.00379479
25.67 0.00379369
25.68 0.0037922
25.69 0.00379031
25.7 0.00378802
25.71 0.00378533
25.72 0.00378223
25.73 0.00377871
25.74 0.00377479
25.75 0.00377044
25.76 0.00376567
25.77 0.00376047
25.78 0.00375484
25.79 0.00374877
25.8 0.00374227
25.81 0.00373532
25.82 0.00372793
25.83 0.00372008
25.84 0.00371179
25.85 0.00370303
25.86 0.00369382
25.87 0.00368414
25.88 0.003674
25.89 0.00366339
25.9 0.00365231
25.91 0.00364075
25.92 0.00362872
25.93 0.00361621
25.94 0.00360322
25.95 0.00358975
25.96 0.00357579
25.97 0.00356135
25.98 0.00354642
25.99 0.003531
26 0.0035151
26.01 0.0034987
26.02 0.00348181
26.03 0.00346443
26.04 0.00344656
26.05 0.0034282
26.06 0.00340934
26.07 0.00338999
26.08 0.00337015
26.09 0.00334982
26.1 0.003329
26.11 0.00330768
26.12 0.00328588
26.13 0.00326359
26.14 0.00324081
26.15 0.00321754
26.16 0.00319379
26.17 0.00316956
26.18 0.00314485
26.19 0.00311966
26.2 0.00309399
26.21 0.00306784
26.22 0.00304123
26.23 0.00301415
26.24 0.0029866
26.25 0.00295859
26.26 0.00293012
26.27 0.0029012
26.28 0.00287182
26.29 0.002842
26.3 0.00281173
26.31 0.00278102
26.32 0.00274987
26.33 0.0027183
26.34 0.0026863
26.35 0.00265388
26.36 0.00262104
26.37 0.00258779
26.38 0.00255413
26.39 0.00252007
26.4 0.00248562
26.41 0.00245078
26.42 0.00241556
26.43 0.00237996
26.44 0.00234399
26.45 0.00230765
26.46 0.00227096
26.47 0.00223391
26.48 0.00219653
26.49 0.0021588
26.5 0.00212075
26.51 0.00208237
26.52 0.00204368
26.53 0.00200468
26.54 0.00196539
26.55 0.0019258
26.56 0.00188593
26.57 0.0018458
26.58 0.00180539
26.59 0.00176474
26.6 0.00172383
26.61 0.0016827
26.62 0.00164134
26.63 0.00159976
26.64 0.00155798
26.65 0.00151601
26.66 0.00147385
26.67 0.00143153
26.68 0.00138904
26.69 0.00134641
26.7 0.00130365
26.71 0.00126076
26.72 0.00121776
26.73 0.00117466
26.74 0.00113149
26.75 0.00108824
26.76 0.00104494
26.77 0.00100159
26.78 0.000958221
26.79 0.000914836
26.8 0.000871453
26.81 0.000828087
26.82 0.000784752
26.83 0.000741464
26.84 0.000698238
26.85 0.00065509
26.86 0.000612035
26.87 0.000569088
26.88 0.000526266
26.89 0.000483583
26.9 0.000441055
26.91 0.000398699
26.92 0.000356529
26.93 0.00031456
26.94 0.000272809
26.95 0.00023129
26.96 0.000190018
26.97 0.000149008
26.98 0.000108274
26.99 6.7831e-05
27 2.76928e-05
27.01 -1.21269e-05
27.02 -5.16148e-05
27.03 -9.07579e-05
27.04 -0.000129544
27.05 -0.00016796
27.06 -0.000205994
27.07 -0.000243636
27.08 -0.000280874
27.09 -0.000317698
27.1 -0.000354097
27.11 -0.000390064
27.12 -0.000425588
27.13 -0.000460662
27.14 -0.000495278
27.15 -0.000529429
27.16 -0.000563107
27.17 -0.000596308
27.18 -0.000629025
27.19 -0.000661255
27.2 -0.000692992
27.21 -0.000724233
27.22 -0.000754976
27.23 -0.000785217
27.24 -0.000814955
27.25 -0.000844188
27.26 -0.000872917
27.27 -0.00090114
27.28 -0.000928859
27.29 -0.000956073
27.3 -0.000982785
27.31 -0.001009
27.32 -0.00103471
27.33 -0.00105993
27.34 -0.00108466
27.35 -0.00110889
27.36 -0.00113265
27.37 -0.00115592
27.38 -0.00117872
27.39 -0.00120106
27.4 -0.00122292
27.41 -0.00124433
27.42 -0.00126529
27.43 -0.0012858
27.44 -0.00130588
27.45 -0.00132552
27.46 -0.00134473
27.47 -0.00136353
27.48 -0.00138191
27.49 -0.00139989
27.5 -0.00141748
27.51 -0.00143467
27.52 -0.00145148
27.53 -0.00146791
27.54 -0.00148398
27.55 -0.00149968
27.56 -0.00151503
27.57 -0.00153003
27.58 -0.00154469
27.59 -0.00155902
27.6 -0.00157301
27.61 -0.00158669
27.62 -0.00160005
27.63 -0.00161309
27.64 -0.00162583
27.65 -0.00163827
27.66 -0.00165041
27.67 -0.00166226
27.68 -0.00167383
27.69 -0.0016851
27.7 -0.0016961
27.71 -0.00170682
27.72 -0.00171726
27.73 -0.00172743
27.74 -0.00173733
27.75 -0.00174696
27.76 -0.00175631
27.77 -0.0017654
27.78 -0.00177421
27.79 -0.00178276
27.8 -0.00179103
27.81 -0.00179903
27.82 -0.00180676
27.83 -0.0018142
27.84 -0.00182137
27.85 -0.00182826
27.86 -0.00183486
27.87 -0.00184117
27.88 -0.00184718
27.89 -0.0018529
27.9 -0.00185831
27.91 -0.00186342
27.92 -0.00186821
27.93 -0.00187269
27.94 -0.00187684
27.95 -0.00188067
27.96 -0.00188416
27.97 -0.00188731
27.98 -0.00189011
27.99 -0.00189256
28 -0.00189466
28.01 -0.00189639
28.02 -0.00189775
28.03 -0.00189874
28.04 -0.00189935
28.05 -0.00189958
28.06 -0.00189943
28.07 -0.00189888
28.08 -0.00189793
28.09 -0.00189659
28.1 -0.00189484
28.11 -0.00189269
28.12 -0.00189013
28.13 -0.00188717
28.14 -0.00188379
28.15 -0.00188001
28.16 -0.00187582
28.17 -0.00187121
28.18 -0.0018662
28.19 -0.00186078
28.2 -0.00185496
28.21 -0.00184874
28.22 -0.00184211
28.23 -0.0018351
28.24 -0.00182769
28.25 -0.0018199
28.26 -0.00181173
28.27 -0.00180318
28.28 -0.00179428
28.29 -0.00178501
28.3 -0.00177539
28.31 -0.00176543
28.32 -0.00175513
28.33 -0.00174452
28.34 -0.00173358
28.35 -0.00172234
28.36 -0.00171081
28.37 -0.00169899
28.38 -0.0016869
28.39 -0.00167456
28.4 -0.00166196
28.41 -0.00164912
28.42 -0.00163606
28.43 -0.00162279
28.44 -0.00160932
28.45 -0.00159567
28.46 -0.00158184
28.47 -0.00156786
28.48 -0.00155373
28.49 -0.00153946
28.5 -0.00152508
28.51 -0.00151059
28.52 -0.00149602
28.53 -0.00148136
28.54 -0.00146665
28.55 -0.00145188
28.56 -0.00143708
28.57 -0.00142226
28.58 -0.00140742
28.59 -0.00139259
28.6 -0.00137778
28.61 -0.001363
28.62 -0.00134826
28.63 -0.00133358
28.64 -0.00131896
28.65 -0.00130442
28.66 -0.00128998
28.67 -0.00127563
28.68 -0.0012614
28.69 -0.00124729
28.7 -0.00123331
28.71 -0.00121948
28.72 -0.0012058
28.73 -0.00119227
28.74 -0.00117892
28.75 -0.00116574
28.76 -0.00115274
28.77 -0.00113993
28.78 -0.00112732
28.79 -0.00111491
28.8 -0.0011027
28.81 -0.0010907
28.82 -0.00107892
28.83 -0.00106736
28.84 -0.00105601
28.85 -0.00104489
28.86 -0.00103399
28.87 -0.00102331
28.88 -0.00101286
28.89 -0.00100264
28.9 -0.000992635
28.91 -0.000982858
28.92 -0.000973302
28.93 -0.000963967
28.94 -0.000954849
28.95 -0.000945945
28.96 -0.000937253
28.97 -0.000928768
28.98 -0.000920487
28.99 -0.000912405
29 -0.000904517
29.01 -0.000896818
29.02 -0.000889303
29.03 -0.000881967
29.04 -0.000874803
29.05 -0.000867806
29.06 -0.00086097
29.07 -0.000854288
29.08 -0.000847754
29.09 -0.000841361
29.1 -0.000835104
29.11 -0.000828975
29.12 -0.000822968
29.13 -0.000817076
29.14 -0.000811293
29.15 -0.000805613
29.16 -0.000800029
29.17 -0.000794535
29.18 -0.000789125
29.19 -0.000783792
29.2 -0.000778532
29.21 -0.000773338
29.22 -0.000768206
29.23 -0.000763129
29.24 -0.000758103
29.25 -0.000753124
29.26 -0.000748186
29.27 -0.000743286
29.28 -0.00073842
29.29 -0.000733584
29.3 -0.000728775
29.31 -0.00072399
29.32 -0.000719226
29.33 -0.000714481
29.34 -0.000709753
29.35 -0.00070504
29.36 -0.000700341
29.37 -0.000695655
29.38 -0.00069098
29.39 -0.000686317
29.4 -0.000681666
29.41 -0.000677026
29.42 -0.000672398
29.43 -0.000667782
29.44 -0.00066318
29.45 -0.000658593
29.46 -0.000654022
29.47 -0.000649469
29.48 -0.000644935
29.49 -0.000640424
29.5 -0.000635936
29.51 -0.000631476
29.52 -0.000627043
29.53 -0.000622643
29.54 -0.000618277
29.55 -0.000613947
29.56 -0.000609657
29.57 -0.00060541
29.58 -0.000601207
29.59 -0.000597053
29.6 -0.000592948
29.61 -0.000588897
29.62 -0.0005849
29.63 -0.000580961
29.64 -0.000577081
29.65 -0.000573262
29.66 -0.000569506
29.67 -0.000565813
29.68 -0.000562186
29.69 -0.000558624
29.7 -0.000555127
29.71 -0.000551697
29.72 -0.000548332
29.73 -0.000545032
29.74 -0.000541795
29.75 -0.00053862
29.76 -0.000535505
29.77 -0.000532447
29.78 -0.000529444
29.79 -0.000526492
29.8 -0.000523588
29.81 -0.000520727
29.82 -0.000517904
29.83 -0.000515115
29.84 -0.000512354
29.85 -0.000509615
29.86 -0.000506891
29.87 -0.000504177
29.88 -0.000501464
29.89 -0.000498746
29.9 -0.000496014
29.91 -0.000493262
29.92 -0.000490479
29.93 -0.000487659
29.94 -0.000484792
29.95 -0.000481869
29.96 -0.000478881
29.97 -0.000475818
29.98 -0.000472673
29.99 -0.000469434
