0 0.620813
0.05 0.616498
0.1 0.609011
0.15 0.596603
0.2 0.577236
0.25 0.54948
0.3 0.513023
0.35 0.468529
0.4 0.417085
0.45 0.359757
0.5 0.297498
0.55 0.231329
0.6 0.162526
0.65 0.0926405
0.7 0.0233602
0.75 -0.0436953
0.8 -0.10716
0.85 -0.166073
0.9 -0.219983
0.95 -0.268943
1 -0.31333
1.05 -0.353514
1.1 -0.389498
1.15 -0.420737
1.2 -0.446268
1.25 -0.465107
1.3 -0.47671
1.35 -0.48122
1.4 -0.479368
1.45 -0.472143
1.5 -0.460449
1.55 -0.444889
1.6 -0.425727
1.65 -0.402982
1.7 -0.376592
1.75 -0.346625
1.8 -0.313425
1.85 -0.277648
1.9 -0.240131
1.95 -0.201719
2 -0.163148
2.05 -0.125037
2.1 -0.0879463
2.15 -0.0524313
2.2 -0.019022
2.25 0.0118579
2.3 0.0399696
2.35 0.0652744
2.4 0.0878843
2.45 0.107984
2.5 0.125758
2.55 0.141336
2.6 0.154745
2.65 0.165883
2.7 0.174526
2.75 0.180395
2.8 0.183304
2.85 0.183319
2.9 0.180826
2.95 0.176443
3 0.170833
3.05 0.164528
3.1 0.157836
3.15 0.15084
3.2 0.143464
3.25 0.135573
3.3 0.127074
3.35 0.117971
3.4 0.108365
3.45 0.0984182
3.5 0.0883172
3.55 0.0782555
3.6 0.0684201
3.65 0.0589829
3.7 0.0500902
3.75 0.0418461
3.8 0.0342878
3.85 0.0273588
3.9 0.0208981
3.95 0.0146717
4 0.00844917
4.05 0.00209085
4.1 -0.00439407
4.15 -0.0108333
4.2 -0.0169224
4.25 -0.0223059
4.3 -0.0266978
4.35 -0.0299988
4.4 -0.0323472
4.45 -0.0340692
4.5 -0.0355501
4.55 -0.0370899
4.6 -0.0388086
4.65 -0.0406298
4.7 -0.042337
4.75 -0.0436724
4.8 -0.0444326
4.85 -0.0445151
4.9 -0.0439069
4.95 -0.04264
5 -0.0407571
5.05 -0.0383165
5.1 -0.0354297
5.15 -0.0322866
5.2 -0.0291312
5.25 -0.026189
5.3 -0.0235852
5.35 -0.0212989
5.4 -0.0191729
5.45 -0.0169725
5.5 -0.0144695
5.55 -0.0115265
5.6 -0.00815271
5.65 -0.00451941
5.7 -0.000928446
5.75 0.0022704
5.8 0.00479949
5.85 0.00655785
5.9 0.00764796
5.95 0.0083096
6 0.00880808
6.05 0.00934186
6.1 0.0100003
6.15 0.0107687
6.2 0.0115648
6.25 0.0122834
6.3 0.0128226
6.35 0.0130912
6.4 0.0130073
6.45 0.0125008
6.5 0.0115295
6.55 0.0101111
6.6 0.00835124
6.65 0.00643606
6.7 0.00458269
6.75 0.00297514
6.8 0.00171479
6.85 0.000791759
6.9 8.01432e-05
6.95 -0.000634242
7 -0.00159076
7.05 -0.00296848
7.1 -0.00481144
7.15 -0.00700803
7.2 -0.00934147
7.25 -0.0115778
7.3 -0.0135374
7.35 -0.0151233
7.4 -0.0163101
7.45 -0.0171148
7.5 -0.0175754
7.55 -0.0177408
7.6 -0.0176594
7.65 -0.0173623
7.7 -0.0168594
7.75 -0.016153
7.8 -0.0152525
7.85 -0.0141724
7.9 -0.0129129
7.95 -0.0114441
8 -0.00971873
8.05 -0.0077161
8.1 -0.00547981
8.15 -0.00311195
8.2 -0.00072836
8.25 0.00158799
8.3 0.00381056
8.35 0.00596825
8.4 0.00812464
8.45 0.010345
8.5 0.0126669
8.55 0.0150825
8.6 0.0175269
8.65 0.0198718
8.7 0.0219463
8.75 0.0235913
8.8 0.0247147
8.85 0.02531
8.9 0.0254272
8.95 0.0251268
9 0.024457
9.05 0.0234602
9.1 0.0221872
9.15 0.0206966
9.2 0.0190366
9.25 0.0172245
9.3 0.0152424
9.35 0.0130531
9.4 0.0106253
9.45 0.00795022
9.5 0.00504671
9.55 0.00196246
9.6 -0.00121655
9.65 -0.00436061
9.7 -0.007316
9.75 -0.00995289
9.8 -0.0122167
9.85 -0.0141457
9.9 -0.0158409
9.95 -0.0174057
10 -0.0188942
10.05 -0.0202855
10.1 -0.0214915
10.15 -0.0223907
10.2 -0.0228705
10.25 -0.0228562
10.3 -0.0223148
10.35 -0.0212432
10.4 -0.0196598
10.45 -0.0176135
10.5 -0.0152027
10.55 -0.0125774
10.6 -0.00990973
10.65 -0.00734613
10.7 -0.00496348
10.75 -0.00275653
10.8 -0.0006655
10.85 0.00138086
10.9 0.00343933
10.95 0.00554674
11 0.00771578
11.05 0.00992214
11.1 0.0120919
11.15 0.0141034
11.2 0.0158098
11.25 0.0170761
11.3 0.0178167
11.35 0.0180164
11.4 0.0177286
11.45 0.0170571
11.5 0.0161286
11.55 0.0150609
11.6 0.013935
11.65 0.0127849
11.7 0.0116091
11.75 0.0103904
11.8 0.00911432
11.85 0.00777689
11.9 0.00638481
11.95 0.00495068
12 0.0034868
12.05 0.00200031
12.1 0.000494073
12.15 -0.00102316
12.2 -0.00252217
12.25 -0.00394908
12.3 -0.00524246
12.35 -0.00636491
12.4 -0.00732589
12.45 -0.00817389
12.5 -0.00895991
12.55 -0.00970047
12.6 -0.0103674
12.65 -0.0109069
12.7 -0.0112732
12.75 -0.0114568
12.8 -0.0114953
12.85 -0.0114581
12.9 -0.011413
12.95 -0.0114018
13 -0.0114377
13.05 -0.0115153
13.1 -0.0116153
13.15 -0.0117047
13.2 -0.0117336
13.25 -0.0116376
13.3 -0.0113513
13.35 -0.0108339
13.4 -0.0100879
13.45 -0.00915922
13.5 -0.00811505
13.55 -0.00701037
13.6 -0.00586509
13.65 -0.00466796
13.7 -0.00339836
13.75 -0.00204201
13.8 -0.00058869
13.85 0.000978067
13.9 0.00268232
13.95 0.00453916
14 0.00653153
14.05 0.00860209
14.1 0.0106646
14.15 0.0126198
14.2 0.0143673
14.25 0.0158175
14.3 0.016904
14.35 0.0175987
14.4 0.0179208
14.45 0.0179346
14.5 0.0177284
14.55 0.0173787
14.6 0.0169169
14.65 0.0163207
14.7 0.0155347
14.75 0.0145017
14.8 0.0131808
14.85 0.0115484
14.9 0.0095938
14.95 0.00732404
15 0.00477187
15.05 0.00200242
15.1 -0.000885256
15.15 -0.00376983
15.2 -0.00653367
15.25 -0.00908682
15.3 -0.0113726
15.35 -0.0133588
15.4 -0.0150305
15.45 -0.0163867
15.5 -0.0174366
15.55 -0.0181947
15.6 -0.0186756
15.65 -0.0188867
15.7 -0.018827
15.75 -0.0184927
15.8 -0.0178812
15.85 -0.0169869
15.9 -0.0158009
15.95 -0.014319
16 -0.0125515
16.05 -0.010529
16.1 -0.00830583
16.15 -0.00595778
16.2 -0.00356465
16.25 -0.00118327
16.3 0.00116597
16.35 0.00348742
16.4 0.00578505
16.45 0.00804071
16.5 0.0102051
16.55 0.0122075
16.6 0.0139834
16.65 0.0154992
16.7 0.0167555
16.75 0.0177695
16.8 0.0185502
16.85 0.0190862
16.9 0.0193503
16.95 0.0193178
17 0.0189891
17.05 0.0184029
17.1 0.0176309
17.15 0.0167486
17.2 0.0157976
17.25 0.01477
17.3 0.0136255
17.35 0.0123275
17.4 0.010872
17.45 0.00929472
17.5 0.00765224
17.55 0.00599137
17.6 0.00432684
17.65 0.00263721
17.7 0.00087763
17.75 -0.000997346
17.8 -0.00301116
17.85 -0.00515319
17.9 -0.00738082
17.95 -0.00963028
18 -0.0118293
18.05 -0.0139101
18.1 -0.0158186
18.15 -0.0175135
18.2 -0.0189549
18.25 -0.0201006
18.3 -0.0209209
18.35 -0.0214216
18.4 -0.0216575
18.45 -0.0217241
18.5 -0.0217237
18.55 -0.0217178
18.6 -0.0216989
18.65 -0.0215959
18.7 -0.0213047
18.75 -0.0207172
18.8 -0.0197372
18.85 -0.0182883
18.9 -0.0163266
18.95 -0.0138555
19 -0.0109321
19.05 -0.00765504
19.1 -0.00414364
19.15 -0.000522086
19.2 0.00308845
19.25 0.00657306
19.3 0.00983287
19.35 0.0128016
19.4 0.0154541
19.45 0.0177964
19.5 0.0198445
19.55 0.0216075
19.6 0.0230839
19.65 0.0242659
19.7 0.0251429
19.75 0.0256965
19.8 0.025894
19.85 0.025693
19.9 0.0250533
19.95 0.0239464
20 0.0223611
20.05 0.0203035
20.1 0.0177965
20.15 0.0148796
20.2 0.0116146
20.25 0.00808949
20.3 0.00441428
20.35 0.000704238
20.4 -0.00293982
20.45 -0.0064411
20.5 -0.00974126
20.55 -0.0127874
20.6 -0.0155253
20.65 -0.0179074
20.7 -0.019903
20.75 -0.0214993
20.8 -0.022694
20.85 -0.0234874
20.9 -0.0238718
20.95 -0.0238279
21 -0.0233369
21.05 -0.0223968
21.1 -0.0210234
21.15 -0.0192411
21.2 -0.0170779
21.25 -0.0145717
21.3 -0.01178
21.35 -0.00878236
21.4 -0.00566952
21.45 -0.00252787
21.5 0.000572769
21.55 0.00358056
21.6 0.00645012
21.65 0.00912923
21.7 0.0115599
21.75 0.0136934
21.8 0.0155049
21.85 0.0169978
21.9 0.018196
21.95 0.0191327
22 0.0198355
22.05 0.0203117
22.1 0.0205422
22.15 0.0204957
22.2 0.0201534
22.25 0.0195261
22.3 0.0186504
22.35 0.0175718
22.4 0.0163269
22.45 0.0149364
22.5 0.0134166
22.55 0.0117984
22.6 0.0101355
22.65 0.008495
22.7 0.00693757
22.75 0.00549759
22.8 0.00417298
22.85 0.00293071
22.9 0.00172274
22.95 0.000500959
23 -0.00077227
23.05 -0.00211065
23.1 -0.00349039
23.15 -0.00485582
23.2 -0.00615303
23.25 -0.00736553
23.3 -0.00851849
23.35 -0.00965025
23.4 -0.0107799
23.45 -0.011901
23.5 -0.0130048
23.55 -0.0141075
23.6 -0.0152496
23.65 -0.0164704
23.7 -0.0177771
23.75 -0.0191343
23.8 -0.0204728
23.85 -0.0217073
23.9 -0.0227495
23.95 -0.0235194
24 -0.0239569
24.05 -0.0240355
24.1 -0.0237704
24.15 -0.0232117
24.2 -0.0224184
24.25 -0.0214292
24.3 -0.0202525
24.35 -0.0188793
24.4 -0.0172998
24.45 -0.0155086
24.5 -0.0134962
24.55 -0.0112397
24.6 -0.00870746
24.65 -0.00587837
24.7 -0.00276619
24.75 0.000570338
24.8 0.0040409
24.85 0.00755087
24.9 0.011019
24.95 0.0143742
25 0.0175457
25.05 0.0204668
25.1 0.0230901
25.15 0.0254009
25.2 0.027416
25.25 0.0291649
25.3 0.0306557
25.35 0.0318535
25.4 0.0326907
25.45 0.0331039
25.5 0.0330631
25.55 0.0325733
25.6 0.0316544
25.65 0.030324
25.7 0.0286006
25.75 0.0265186
25.8 0.0241355
25.85 0.0215226
25.9 0.0187455
25.95 0.015849
26 0.0128518
26.05 0.00975286
26.1 0.00654576
26.15 0.00323281
26.2 -0.000164809
26.25 -0.00360258
26.3 -0.00701377
26.35 -0.0103146
26.4 -0.013414
26.45 -0.0162302
26.5 -0.0187118
26.55 -0.0208488
26.6 -0.0226636
26.65 -0.0241878
26.7 -0.0254418
26.75 -0.0264302
26.8 -0.0271498
26.85 -0.0275986
26.9 -0.0277789
26.95 -0.0276898
27 -0.0273181
27.05 -0.0266403
27.1 -0.0256374
27.15 -0.0243103
27.2 -0.0226836
27.25 -0.0207996
27.3 -0.0187052
27.35 -0.0164419
27.4 -0.0140471
27.45 -0.0115602
27.5 -0.00901792
27.55 -0.00644102
27.6 -0.0038238
27.65 -0.00114008
27.7 0.00163282
27.75 0.00448756
27.8 0.00738008
27.85 0.0102474
27.9 0.0130303
27.95 0.0156837
28 0.0181732
28.05 0.0204693
28.1 0.0225476
28.15 0.0243927
28.2 0.0259931
28.25 0.0273272
28.3 0.0283519
28.35 0.0290085
28.4 0.0292444
28.45 0.0290342
28.5 0.0283835
28.55 0.0273147
28.6 0.0258469
28.65 0.0239885
28.7 0.021747
28.75 0.0191509
28.8 0.0162652
28.85 0.013179
28.9 0.00997086
28.95 0.00667931
29 0.00330177
29.05 -0.000179601
29.1 -0.00376596
29.15 -0.00742223
29.2 -0.0110777
29.25 -0.0146431
29.3 -0.0180304
29.35 -0.0211642
29.4 -0.0239792
29.45 -0.0264096
29.5 -0.0283848
29.55 -0.0298428
29.6 -0.0307499
29.65 -0.0311078
29.7 -0.0309468
29.75 -0.0303153
29.8 -0.0292667
29.85 -0.0278449
29.9 -0.0260774
29.95 -0.0239771
