#dt:0.001
#num_trajs:10
0 0.338435 0.461453 
0.1 0.337231 0.470959 
0.2 0.33477 0.484058 
0.3 0.335411 0.490492 
0.4 0.340392 0.486944 
0.5 0.346171 0.480937 
0.6 0.348551 0.481512 
0.7 0.347569 0.488154 
0.8 0.347186 0.49156 
0.9 0.350192 0.48529 
1 0.354548 0.474125 
1.1 0.355646 0.468891 
1.2 0.351917 0.473635 
1.3 0.346875 0.480893 
1.4 0.345312 0.48028 
1.5 0.347604 0.471411 
1.6 0.34575 0.472845 
1.7 0.323602 0.52152 
1.8 0.258687 0.66858 
1.9 0.234735 0.722544 
2 0.294518 0.585329 
2.1 0.313396 0.541045 
2.2 0.340106 0.478155 
2.3 0.347821 0.457822 
2.4 0.346043 0.458478 
2.5 0.342988 0.461629 
2.6 0.343123 0.457377 
2.7 0.345989 0.447018 
2.8 0.348596 0.437511 
2.9 0.348364 0.434721 
3 0.345396 0.438188 
3.1 0.342245 0.441553 
3.2 0.341124 0.438729 
3.3 0.34125 0.429579 
3.4 0.338802 0.419609 
3.5 0.329802 0.414275 
3.6 0.315154 0.413707 
3.7 0.308088 0.413909 
3.8 0.339546 0.413773 
3.9 0.420397 0.414793 
4 0.399238 0.396688 
4.1 0.243774 0.360343 
4.2 0.430149 0.389089 
4.3 0.378513 0.376568 
4.4 0.255099 0.345413 
4.5 0.448312 0.36264 
4.6 0.395635 0.336654 
4.7 0.311772 0.311544 
4.8 0.31362 0.308603 
4.9 0.340258 0.311574 
