0 0.187259
1000 0.187918
2000 0.186946
3000 0.189752
4000 0.191609
5000 0.192294
6000 0.195277
7000 0.195624
8000 0.194318
9000 0.198015
10000 0.196267
11000 0.198065
12000 0.195063
13000 0.19498
14000 0.192313
15000 0.191607
16000 0.191076
17000 0.191552
18000 0.192242
19000 0.197471
20000 0.195944
21000 0.196677
22000 0.195508
23000 0.193662
24000 0.193255
25000 0.194696
26000 0.192852
27000 0.188719
28000 0.186374
29000 0.184124
30000 0.183524
31000 0.185789
32000 0.190978
33000 0.188833
34000 0.18917
35000 0.190427
36000 0.19554
37000 0.195945
38000 0.195874
39000 0.195506
40000 0.195505
41000 0.196438
42000 0.195221
43000 0.193907
44000 0.192912
45000 0.191754
46000 0.190116
47000 0.189579
48000 0.191518
49000 0.192091
50000 0.194011
51000 0.195219
52000 0.194323
53000 0.19339
54000 0.193338
55000 0.191802
56000 0.19184
57000 0.191474
58000 0.190374
59000 0.190702
60000 0.193685
61000 0.193278
62000 0.191263
63000 0.192678
64000 0.194513
65000 0.197133
66000 0.196496
67000 0.196235
68000 0.19655
69000 0.198045
70000 0.196472
71000 0.196324
72000 0.198784
73000 0.200398
74000 0.198357
75000 0.198147
76000 0.202114
77000 0.200844
78000 0.200837
79000 0.200316
80000 0.199923
81000 0.197582
82000 0.196159
83000 0.195908
84000 0.198778
85000 0.198991
86000 0.200407
87000 0.199081
88000 0.199877
89000 0.198908
90000 0.19864
91000 0.200021
92000 0.195701
93000 0.195704
94000 0.195427
95000 0.193564
96000 0.191497
97000 0.19176
98000 0.191367
99000 0.192279
100000 0.194528
101000 0.195695
102000 0.195728
103000 0.194833
104000 0.194879
105000 0.197182
106000 0.197933
107000 0.196939
108000 0.198574
109000 0.198882
110000 0.199497
111000 0.200733
112000 0.202996
113000 0.202333
114000 0.202301
115000 0.200786
116000 0.198715
117000 0.195583
118000 0.195521
119000 0.195476
120000 0.194782
121000 0.196457
122000 0.19752
123000 0.196507
124000 0.198006
125000 0.198036
126000 0.197023
127000 0.197666
128000 0.198315
129000 0.198694
130000 0.198165
131000 0.196233
132000 0.197371
133000 0.19631
134000 0.196617
135000 0.194202
136000 0.193657
137000 0.192524
138000 0.191272
139000 0.18912
140000 0.189908
141000 0.188821
142000 0.188836
143000 0.188715
144000 0.186978
145000 0.189115
146000 0.189828
147000 0.190198
148000 0.190306
149000 0.190207
150000 0.191289
151000 0.19118
152000 0.188237
153000 0.188684
154000 0.185704
155000 0.186061
156000 0.18553
157000 0.185113
158000 0.184409
159000 0.183941
160000 0.183393
161000 0.181614
162000 0.183675
163000 0.186645
164000 0.187007
165000 0.18789
166000 0.189175
167000 0.191619
168000 0.18954
169000 0.188704
170000 0.190552
171000 0.191491
172000 0.19226
173000 0.195014
174000 0.194295
175000 0.19398
176000 0.195703
177000 0.193235
178000 0.194106
179000 0.196304
180000 0.197804
181000 0.197216
182000 0.198045
183000 0.199373
184000 0.201783
185000 0.201842
186000 0.203865
187000 0.203021
188000 0.204033
189000 0.201403
190000 0.199991
191000 0.199617
192000 0.196189
193000 0.194859
194000 0.195967
195000 0.195239
196000 0.193976
197000 0.193631
198000 0.191492
199000 0.193459
200000 0.192729
201000 0.195399
202000 0.195751
203000 0.195302
204000 0.192078
205000 0.191965
206000 0.189509
207000 0.189849
208000 0.189838
209000 0.190071
210000 0.192713
211000 0.193294
212000 0.192412
213000 0.192558
214000 0.192998
215000 0.192925
216000 0.19242
217000 0.19326
218000 0.19346
219000 0.19146
220000 0.191524
221000 0.191061
222000 0.189309
223000 0.188766
224000 0.188385
225000 0.187969
226000 0.186415
227000 0.186408
228000 0.185313
229000 0.185318
230000 0.181981
231000 0.182053
232000 0.182478
233000 0.184102
234000 0.184934
235000 0.184994
236000 0.183825
237000 0.18158
238000 0.18373
239000 0.184331
240000 0.183463
241000 0.184706
242000 0.184834
243000 0.180989
244000 0.181276
245000 0.179831
246000 0.180364
247000 0.181008
248000 0.178372
249000 0.17725
250000 0.174795
251000 0.175967
252000 0.17898
253000 0.179408
254000 0.180233
255000 0.182946
256000 0.182628
257000 0.179976
258000 0.179064
259000 0.178674
260000 0.181411
261000 0.182244
262000 0.180916
263000 0.17809
264000 0.178621
265000 0.177095
266000 0.176614
267000 0.176187
268000 0.174134
269000 0.171312
270000 0.172482
271000 0.173608
272000 0.173597
273000 0.1725
274000 0.174738
275000 0.171618
276000 0.177749
277000 0.176279
278000 0.176803
279000 0.176611
280000 0.172613
281000 0.172253
282000 0.171644
283000 0.169935
284000 0.168761
285000 0.170341
286000 0.169747
287000 0.168362
288000 0.170137
289000 0.170864
290000 0.17149
291000 0.171081
292000 0.168947
293000 0.170575
294000 0.16932
295000 0.167549
296000 0.166463
297000 0.165674
298000 0.167699
299000 0.169052
300000 0.174691
301000 0.173117
302000 0.17596
303000 0.175905
304000 0.176269
305000 0.174872
306000 0.175438
307000 0.176003
308000 0.175366
309000 0.173315
310000 0.174125
311000 0.174097
312000 0.174944
313000 0.175374
314000 0.175024
315000 0.173235
316000 0.173651
317000 0.173659
318000 0.173393
319000 0.172401
320000 0.17186
321000 0.174529
322000 0.174092
323000 0.174898
324000 0.170997
325000 0.17394
326000 0.174491
327000 0.173194
328000 0.17147
329000 0.173452
330000 0.172292
331000 0.1733
332000 0.173566
333000 0.173101
334000 0.176153
335000 0.175866
336000 0.174052
337000 0.173141
338000 0.173879
339000 0.174339
340000 0.173169
341000 0.173465
342000 0.174337
343000 0.173029
344000 0.169749
345000 0.168535
346000 0.16906
347000 0.169939
348000 0.170501
349000 0.172162
350000 0.172627
351000 0.174242
352000 0.173338
353000 0.174047
354000 0.173822
355000 0.171867
356000 0.173928
357000 0.174244
358000 0.173062
359000 0.168393
360000 0.167973
361000 0.167765
362000 0.169153
363000 0.170319
364000 0.168313
365000 0.167784
366000 0.168245
367000 0.168805
368000 0.169617
369000 0.168944
370000 0.169522
371000 0.169634
372000 0.169252
373000 0.16921
374000 0.169619
375000 0.170292
376000 0.173598
377000 0.172593
378000 0.17131
379000 0.172456
380000 0.174112
381000 0.17482
382000 0.174497
383000 0.173152
384000 0.173299
385000 0.175481
386000 0.174249
387000 0.174182
388000 0.172037
389000 0.172924
390000 0.174969
391000 0.176255
392000 0.178664
393000 0.179842
394000 0.173957
395000 0.173199
396000 0.174102
397000 0.173893
398000 0.172812
399000 0.173819
400000 0.173348
401000 0.171553
402000 0.171762
403000 0.171001
404000 0.170856
405000 0.16857
406000 0.169152
407000 0.168359
408000 0.168273
409000 0.16923
410000 0.169066
411000 0.170534
412000 0.169209
413000 0.169902
414000 0.172238
415000 0.171469
416000 0.170279
417000 0.168678
418000 0.167123
419000 0.166932
420000 0.166725
421000 0.166208
422000 0.169221
423000 0.168364
424000 0.166041
425000 0.164601
426000 0.163218
427000 0.163943
428000 0.161495
429000 0.161607
430000 0.160663
431000 0.161003
432000 0.159263
433000 0.159146
434000 0.15926
435000 0.159738
436000 0.159244
437000 0.15915
438000 0.161088
439000 0.162018
440000 0.163109
441000 0.164239
442000 0.162414
443000 0.160984
444000 0.162023
445000 0.162759
446000 0.165175
447000 0.162183
448000 0.163451
449000 0.162632
450000 0.163164
451000 0.164591
452000 0.166419
453000 0.167147
454000 0.169618
455000 0.168603
456000 0.169344
457000 0.170854
458000 0.172331
459000 0.172874
460000 0.173779
461000 0.173521
462000 0.173867
463000 0.176313
464000 0.176808
465000 0.177276
466000 0.17694
467000 0.177906
468000 0.178182
469000 0.177917
470000 0.176741
471000 0.176666
472000 0.176512
473000 0.175028
474000 0.175659
475000 0.175684
476000 0.176267
477000 0.179821
478000 0.179038
479000 0.179682
480000 0.178005
481000 0.177378
482000 0.176312
483000 0.178062
484000 0.178606
485000 0.180808
486000 0.178666
487000 0.179015
488000 0.179403
489000 0.179491
490000 0.178973
491000 0.178953
492000 0.17849
493000 0.176259
494000 0.177154
495000 0.178213
496000 0.178682
497000 0.179158
498000 0.181385
499000 0.182892
500000 0.18162
501000 0.181197
502000 0.182119
503000 0.180072
504000 0.18047
505000 0.18034
506000 0.18136
507000 0.182351
508000 0.18284
509000 0.181781
510000 0.184134
511000 0.182584
512000 0.181407
513000 0.180137
514000 0.17975
515000 0.178963
516000 0.179586
517000 0.178764
518000 0.178054
519000 0.178974
520000 0.179069
521000 0.179807
522000 0.18074
523000 0.180767
524000 0.176157
525000 0.17653
526000 0.176043
527000 0.176199
528000 0.176918
529000 0.17716
530000 0.178603
531000 0.177609
532000 0.178833
533000 0.180567
534000 0.181352
535000 0.181634
536000 0.181239
537000 0.182164
538000 0.182503
539000 0.181698
540000 0.181502
541000 0.182034
542000 0.18189
543000 0.181743
544000 0.181759
545000 0.18282
546000 0.18217
547000 0.181226
548000 0.18139
549000 0.181192
550000 0.181068
551000 0.180977
552000 0.181832
553000 0.182479
554000 0.181938
555000 0.18176
556000 0.181393
557000 0.180245
558000 0.17969
559000 0.181366
560000 0.180183
561000 0.179448
562000 0.181391
563000 0.178306
564000 0.175975
565000 0.174707
566000 0.175246
567000 0.17325
568000 0.171574
569000 0.171359
570000 0.173391
571000 0.17513
572000 0.176542
573000 0.177753
574000 0.179046
575000 0.180354
576000 0.181732
577000 0.182492
578000 0.17917
579000 0.179361
580000 0.180806
581000 0.182842
582000 0.181644
583000 0.181396
584000 0.181185
585000 0.181503
586000 0.180069
587000 0.179382
588000 0.178916
589000 0.17824
590000 0.177016
591000 0.176723
592000 0.176466
593000 0.176588
594000 0.175255
595000 0.175154
596000 0.174823
597000 0.174754
598000 0.176264
599000 0.175421
600000 0.173359
601000 0.172525
602000 0.173798
603000 0.173799
604000 0.173626
605000 0.174861
606000 0.175549
607000 0.176094
608000 0.177338
609000 0.1772
610000 0.176648
611000 0.172887
612000 0.172145
613000 0.173251
614000 0.172381
615000 0.169836
616000 0.168997
617000 0.169775
618000 0.170432
619000 0.170359
620000 0.166691
621000 0.167729
622000 0.168075
623000 0.167684
624000 0.166867
625000 0.166249
626000 0.165153
627000 0.166084
628000 0.166283
629000 0.166825
630000 0.168505
631000 0.168322
632000 0.166555
633000 0.167185
634000 0.166295
635000 0.165069
636000 0.163291
637000 0.161713
638000 0.160119
639000 0.160861
640000 0.161527
641000 0.160971
642000 0.160039
643000 0.159979
644000 0.159624
645000 0.159404
646000 0.159752
647000 0.157501
648000 0.156505
649000 0.157645
650000 0.159308
651000 0.158073
652000 0.157752
653000 0.157287
654000 0.158276
655000 0.160618
656000 0.159895
657000 0.158752
658000 0.158956
659000 0.161244
660000 0.161506
661000 0.162065
662000 0.162183
663000 0.164443
664000 0.165122
665000 0.164993
666000 0.164914
667000 0.165619
668000 0.16431
669000 0.16309
670000 0.163785
671000 0.164543
672000 0.167028
673000 0.167797
674000 0.167488
675000 0.167741
676000 0.167575
677000 0.167363
678000 0.167319
679000 0.168421
680000 0.168752
681000 0.169629
682000 0.169785
683000 0.167169
684000 0.168224
685000 0.170076
686000 0.169855
687000 0.169415
688000 0.169668
689000 0.167513
690000 0.166651
691000 0.16587
692000 0.165365
693000 0.16565
694000 0.165371
695000 0.163827
696000 0.162669
697000 0.164602
698000 0.161763
699000 0.160196
700000 0.161082
701000 0.160743
702000 0.161605
703000 0.161059
704000 0.16082
705000 0.161344
706000 0.161127
707000 0.161811
708000 0.161174
709000 0.161315
710000 0.161263
711000 0.161494
712000 0.162911
713000 0.161866
714000 0.16066
715000 0.158981
716000 0.159778
717000 0.159702
718000 0.159177
719000 0.158108
720000 0.160019
721000 0.162046
722000 0.16113
723000 0.15959
724000 0.158444
725000 0.15795
726000 0.158616
727000 0.162403
728000 0.16197
729000 0.161879
730000 0.161656
731000 0.162986
732000 0.163554
733000 0.162814
734000 0.163419
735000 0.163712
736000 0.162942
737000 0.162703
738000 0.163559
739000 0.163014
740000 0.162263
741000 0.163104
742000 0.163757
743000 0.166524
744000 0.166668
745000 0.165393
746000 0.166223
747000 0.167519
748000 0.167869
749000 0.16872
750000 0.170508
751000 0.17056
752000 0.169628
753000 0.172918
754000 0.174469
755000 0.174741
756000 0.173948
757000 0.176526
758000 0.175482
759000 0.17632
760000 0.175115
761000 0.175968
762000 0.176288
763000 0.176088
764000 0.177957
765000 0.177055
766000 0.176289
767000 0.176023
768000 0.175747
769000 0.175892
770000 0.175868
771000 0.173804
772000 0.173957
773000 0.175757
774000 0.1759
775000 0.175925
776000 0.175779
777000 0.175266
778000 0.176444
779000 0.175054
780000 0.175457
781000 0.177437
782000 0.173519
783000 0.1739
784000 0.173712
785000 0.172487
786000 0.172927
787000 0.174151
788000 0.174542
789000 0.174215
790000 0.175262
791000 0.174789
792000 0.177558
793000 0.178579
794000 0.179357
795000 0.179002
796000 0.178275
797000 0.179327
798000 0.17883
799000 0.177528
800000 0.178192
801000 0.180017
802000 0.179723
803000 0.176833
804000 0.175783
805000 0.17623
806000 0.175316
807000 0.173627
808000 0.173998
809000 0.173334
810000 0.172799
811000 0.173365
812000 0.172438
813000 0.172399
814000 0.170974
815000 0.172004
816000 0.17227
817000 0.171879
818000 0.172144
819000 0.172443
820000 0.172936
821000 0.173676
822000 0.174869
823000 0.175438
824000 0.17373
825000 0.172702
826000 0.173504
827000 0.17327
828000 0.173249
829000 0.174066
830000 0.174711
831000 0.174439
832000 0.173488
833000 0.173294
834000 0.175818
835000 0.175339
836000 0.176101
837000 0.177094
838000 0.176071
839000 0.175591
840000 0.175249
841000 0.17437
842000 0.173189
843000 0.174792
844000 0.174678
845000 0.173264
846000 0.173468
847000 0.173061
848000 0.172616
849000 0.173057
850000 0.174101
851000 0.173615
852000 0.173934
853000 0.172835
854000 0.17276
855000 0.174156
856000 0.17419
857000 0.173254
858000 0.171845
859000 0.171837
860000 0.171725
861000 0.172017
862000 0.170727
863000 0.170734
864000 0.170712
865000 0.169593
866000 0.169386
867000 0.169779
868000 0.171293
869000 0.171225
870000 0.170256
871000 0.170521
872000 0.172406
873000 0.174203
874000 0.174044
875000 0.175068
876000 0.174748
877000 0.175202
878000 0.174826
879000 0.175721
880000 0.170788
881000 0.169633
882000 0.170127
883000 0.169455
884000 0.168803
885000 0.169825
886000 0.169265
887000 0.168801
888000 0.169661
889000 0.1699
890000 0.167508
891000 0.166985
892000 0.164468
893000 0.163802
894000 0.162689
895000 0.161268
896000 0.160332
897000 0.161437
898000 0.161018
899000 0.159827
900000 0.160699
901000 0.160069
902000 0.160432
903000 0.160422
904000 0.161037
905000 0.162008
906000 0.161026
907000 0.163571
908000 0.16252
909000 0.163755
910000 0.164249
911000 0.165328
912000 0.167897
913000 0.168973
914000 0.167826
915000 0.168095
916000 0.167741
917000 0.168092
918000 0.167725
919000 0.167031
920000 0.167453
921000 0.165364
922000 0.166007
923000 0.166177
924000 0.164757
925000 0.16478
926000 0.166046
927000 0.164078
928000 0.165266
929000 0.163369
930000 0.16298
931000 0.161033
932000 0.159879
933000 0.15986
934000 0.15892
935000 0.159134
936000 0.158472
937000 0.159269
938000 0.15978
939000 0.161766
940000 0.161132
941000 0.160562
942000 0.159233
943000 0.161278
944000 0.162227
945000 0.161695
946000 0.161141
947000 0.161492
948000 0.160499
949000 0.162465
950000 0.163499
951000 0.16244
952000 0.162012
953000 0.163144
954000 0.163489
955000 0.163791
956000 0.163186
957000 0.163658
958000 0.163512
959000 0.163914
960000 0.163163
961000 0.162952
962000 0.162339
963000 0.161648
964000 0.160659
965000 0.160533
966000 0.159937
967000 0.160625
968000 0.159345
969000 0.159052
970000 0.156663
971000 0.155448
972000 0.155386
973000 0.153547
974000 0.154124
975000 0.153703
976000 0.154742
977000 0.155192
978000 0.156647
979000 0.156578
980000 0.156848
981000 0.157308
982000 0.158046
983000 0.15856
984000 0.158215
985000 0.157734
986000 0.156416
987000 0.156242
988000 0.156007
989000 0.156359
990000 0.15735
991000 0.157254
992000 0.15871
993000 0.158692
994000 0.157142
995000 0.157824
996000 0.157606
997000 0.159267
998000 0.158684
999000 0.159014
