0 -1.13554
0.1 -1.10623
0.2 -1.06128
0.3 -1.0026
0.4 -0.928485
0.5 -0.841143
0.6 -0.738724
0.7 -0.621395
0.8 -0.490795
0.9 -0.349093
1 -0.200276
1.1 -0.0445594
1.2 0.11698
1.3 0.282933
1.4 0.457471
1.5 0.636709
1.6 0.816852
1.7 0.996864
1.8 1.17395
1.9 1.34715
2 1.51348
2.1 1.67335
2.2 1.8242
2.3 1.96365
2.4 2.08801
2.5 2.19245
2.6 2.27632
2.7 2.33948
2.8 2.38747
2.9 2.41781
3 2.42898
3.1 2.41478
3.2 2.3767
3.3 2.31636
3.4 2.2365
3.5 2.13678
3.6 2.01634
3.7 1.87474
3.8 1.71511
3.9 1.53816
4 1.34431
4.1 1.13813
4.2 0.91958
4.3 0.690058
4.4 0.452246
4.5 0.20971
4.6 -0.0340329
4.7 -0.279212
4.8 -0.528375
4.9 -0.776843
5 -1.02445
5.1 -1.27045
5.2 -1.51419
5.3 -1.75113
5.4 -1.97766
5.5 -2.1982
5.6 -2.40874
5.7 -2.603
5.8 -2.77903
5.9 -2.93641
6 -3.07624
6.1 -3.19782
6.2 -3.29799
6.3 -3.37584
6.4 -3.43367
6.5 -3.46806
6.6 -3.47991
6.7 -3.46576
6.8 -3.42775
6.9 -3.36787
7 -3.28541
7.1 -3.17754
7.2 -3.04671
7.3 -2.89871
7.4 -2.73662
7.5 -2.55836
7.6 -2.3645
7.7 -2.15439
7.8 -1.93258
7.9 -1.70054
8 -1.46081
8.1 -1.21086
8.2 -0.952448
8.3 -0.689681
8.4 -0.422439
8.5 -0.151203
8.6 0.12234
8.7 0.398828
8.8 0.677699
8.9 0.955299
9 1.23027
9.1 1.5012
9.2 1.76589
9.3 2.02125
9.4 2.26445
9.5 2.49877
9.6 2.72104
9.7 2.92686
9.8 3.1187
9.9 3.29535
