1.99078 
1.98663 
1.97268 
1.94907 
1.91601 
1.87373 
1.82252 
1.76299 
1.69574 
1.62141 
1.54071 
1.45431 
1.36288 
1.26731 
1.16835 
1.06684 
0.963334 
0.858412 
0.75295 
0.647846 
0.54385 
0.442007 
0.343243 
0.248435 
0.158336 
0.0735122 
-0.00553868 
-0.0784544 
-0.144774 
-0.204114 
-0.255994 
-0.299998 
-0.336091 
-0.364262 
-0.384503 
-0.396736 
-0.401016 
-0.397628 
-0.386905 
-0.369265 
-0.344938 
-0.31423 
-0.277609 
-0.235522 
-0.188433 
-0.13688 
-0.0814819 
-0.0228084 
0.0385372 
0.101929 
0.166723 
0.232353 
0.298267 
0.363909 
0.428827 
0.49248 
0.554553 
0.614659 
0.672609 
0.728446 
0.781619 
0.83183 
0.878836 
0.922359 
0.962138 
0.997944 
1.02978 
1.05758 
1.08147 
1.10149 
1.1176 
1.12987 
1.13857 
1.14384 
1.14576 
1.14444 
1.14012 
1.13298 
1.12311 
1.11073 
1.09593 
1.07888 
1.0599 
1.03906 
1.01647 
0.992346 
0.966864 
0.940242 
0.912675 
0.884288 
0.855218 
0.825473 
0.795124 
0.764266 
0.733084 
0.70182 
0.670715 
0.639928 
0.609639 
0.58006 
0.551414 
0.523677 
0.496933 
0.471039 
0.446133 
0.422244 
0.399285 
0.377236 
0.356153 
0.33621 
0.317462 
0.300048 
0.284001 
0.269351 
0.255965 
0.244009 
0.233606 
0.224707 
0.217296 
0.211202 
0.206367 
0.202931 
0.200849 
0.199976 
0.200282 
0.20196 
0.205068 
0.2095 
0.215217 
0.222231 
0.230482 
0.23991 
0.250563 
0.262574 
0.275887 
0.290431 
0.306072 
0.322796 
0.34064 
0.359652 
0.379677 
0.400504 
0.422137 
0.444545 
0.467586 
0.49119 
0.515104 
0.539086 
0.562969 
0.586606 
0.609782 
0.632232 
0.653924 
0.674781 
0.694704 
0.713764 
0.731859 
0.748734 
0.764171 
0.777977 
0.790064 
0.80039 
0.808888 
0.815587 
0.820415 
0.823269 
0.824204 
0.823434 
0.821092 
0.816874 
0.81062 
0.802361 
0.792077 
0.779912 
0.76606 
0.750571 
0.733399 
0.714706 
0.69482 
0.673889 
0.651927 
0.628998 
0.605283 
0.581017 
0.556356 
0.531331 
0.506128 
0.48103 
0.456189 
0.43167 
0.4076 
0.384032 
0.361079 
0.338913 
0.317722 
0.297748 
0.27887 
0.261208 
0.244987 
0.230286 
