#dt:0.0001
#num_trajs:1000
0 1.98495 
0.01 1.98481 
0.02 1.98457 
0.03 1.98423 
0.04 1.98379 
0.05 1.98325 
0.06 1.98262 
0.07 1.98188 
0.08 1.98105 
0.09 1.98012 
0.1 1.97909 
0.11 1.97796 
0.12 1.97674 
0.13 1.97541 
0.14 1.974 
0.15 1.97248 
0.16 1.97087 
0.17 1.96916 
0.18 1.96736 
0.19 1.96546 
0.2 1.96346 
0.21 1.96138 
0.22 1.95919 
0.23 1.95691 
0.24 1.95454 
0.25 1.95207 
0.26 1.94951 
0.27 1.94685 
0.28 1.9441 
0.29 1.94125 
0.3 1.93831 
0.31 1.93528 
0.32 1.93215 
0.33 1.92893 
0.34 1.92562 
0.35 1.92222 
0.36 1.91872 
0.37 1.91513 
0.38 1.91145 
0.39 1.90767 
0.4 1.90381 
0.41 1.89985 
0.42 1.8958 
0.43 1.89166 
0.44 1.88743 
0.45 1.88311 
0.46 1.8787 
0.47 1.8742 
0.48 1.86961 
0.49 1.86493 
0.5 1.86015 
0.51 1.85528 
0.52 1.85032 
0.53 1.84526 
0.54 1.84009 
0.55 1.83482 
0.56 1.82946 
0.57 1.82401 
0.58 1.81847 
0.59 1.81284 
0.6 1.80713 
0.61 1.80134 
0.62 1.79547 
0.63 1.78951 
0.64 1.78348 
0.65 1.77736 
0.66 1.77117 
0.67 1.7649 
0.68 1.75855 
0.69 1.75212 
0.7 1.74561 
0.71 1.73904 
0.72 1.73238 
0.73 1.72565 
0.74 1.71885 
0.75 1.71198 
0.76 1.70503 
0.77 1.69801 
0.78 1.69092 
0.79 1.68376 
0.8 1.67653 
0.81 1.66923 
0.82 1.66187 
0.83 1.65443 
0.84 1.64692 
0.85 1.63935 
0.86 1.63171 
0.87 1.62401 
0.88 1.61624 
0.89 1.6084 
0.9 1.6005 
0.91 1.59253 
0.92 1.5845 
0.93 1.57641 
0.94 1.56825 
0.95 1.56002 
0.96 1.55173 
0.97 1.54338 
0.98 1.53496 
0.99 1.52648 
1 1.51794 
1.01 1.50933 
1.02 1.50065 
1.03 1.49191 
1.04 1.48311 
1.05 1.47423 
1.06 1.46527 
1.07 1.45624 
1.08 1.44714 
1.09 1.43797 
1.1 1.42874 
1.11 1.41945 
1.12 1.4101 
1.13 1.40069 
1.14 1.39123 
1.15 1.38172 
1.16 1.37215 
1.17 1.36253 
1.18 1.35286 
1.19 1.34314 
1.2 1.33337 
1.21 1.32355 
1.22 1.31368 
1.23 1.30376 
1.24 1.2938 
1.25 1.28379 
1.26 1.27373 
1.27 1.26363 
1.28 1.25348 
1.29 1.24328 
1.3 1.23304 
1.31 1.22276 
1.32 1.21243 
1.33 1.20205 
1.34 1.19164 
1.35 1.18118 
1.36 1.17067 
1.37 1.16013 
1.38 1.14956 
1.39 1.13894 
1.4 1.12829 
1.41 1.11761 
1.42 1.10689 
1.43 1.09614 
1.44 1.08536 
1.45 1.07454 
1.46 1.06371 
1.47 1.05284 
1.48 1.04194 
1.49 1.03102 
1.5 1.02008 
1.51 1.00911 
1.52 0.998118 
1.53 0.987105 
1.54 0.97607 
1.55 0.965016 
1.56 0.953943 
1.57 0.942853 
1.58 0.931746 
1.59 0.920624 
1.6 0.909486 
1.61 0.898335 
1.62 0.887172 
1.63 0.875997 
1.64 0.864812 
1.65 0.853618 
1.66 0.842416 
1.67 0.831207 
1.68 0.819992 
1.69 0.808772 
1.7 0.797548 
1.71 0.786323 
1.72 0.775097 
1.73 0.763872 
1.74 0.752651 
1.75 0.741435 
1.76 0.730227 
1.77 0.719031 
1.78 0.70785 
1.79 0.696689 
1.8 0.685552 
1.81 0.674443 
1.82 0.663368 
1.83 0.652355 
1.84 0.641412 
1.85 0.630512 
1.86 0.619649 
1.87 0.608819 
1.88 0.598018 
1.89 0.587244 
1.9 0.576495 
1.91 0.56577 
1.92 0.555067 
1.93 0.544386 
1.94 0.533727 
1.95 0.523088 
1.96 0.51247 
1.97 0.501874 
1.98 0.491299 
1.99 0.480746 
2 0.470216 
2.01 0.45971 
2.02 0.449228 
2.03 0.438772 
2.04 0.428341 
2.05 0.417935 
2.06 0.407556 
2.07 0.397201 
2.08 0.38687 
2.09 0.376562 
2.1 0.366278 
2.11 0.356016 
2.12 0.345778 
2.13 0.335564 
2.14 0.325376 
2.15 0.315215 
2.16 0.305081 
2.17 0.294976 
2.18 0.2849 
2.19 0.274854 
2.2 0.26484 
2.21 0.254858 
2.22 0.244908 
2.23 0.234991 
2.24 0.225108 
2.25 0.215259 
2.26 0.205443 
2.27 0.195662 
2.28 0.185916 
2.29 0.176205 
2.3 0.166528 
2.31 0.156888 
2.32 0.147283 
2.33 0.137714 
2.34 0.128181 
2.35 0.118685 
2.36 0.109225 
2.37 0.0998013 
2.38 0.0904157 
2.39 0.0810693 
2.4 0.0717622 
2.41 0.0624937 
2.42 0.0532636 
2.43 0.0440744 
2.44 0.0349301 
2.45 0.0258341 
2.46 0.0167894 
2.47 0.00779816 
2.48 -0.00113755 
2.49 -0.0100159 
2.5 -0.0188351 
2.51 -0.0275934 
2.52 -0.0362889 
2.53 -0.0449199 
2.54 -0.0534847 
2.55 -0.0619823 
2.56 -0.0704123 
2.57 -0.0787749 
2.58 -0.0870708 
2.59 -0.0953004 
2.6 -0.103464 
2.61 -0.111562 
2.62 -0.119593 
2.63 -0.127559 
2.64 -0.135459 
2.65 -0.143291 
2.66 -0.151057 
2.67 -0.158754 
2.68 -0.166383 
2.69 -0.173944 
2.7 -0.181434 
2.71 -0.188855 
2.72 -0.196204 
2.73 -0.203481 
2.74 -0.210687 
2.75 -0.217819 
2.76 -0.224877 
2.77 -0.231862 
2.78 -0.238771 
2.79 -0.245605 
2.8 -0.252362 
2.81 -0.259043 
2.82 -0.265648 
2.83 -0.272175 
2.84 -0.278624 
2.85 -0.284996 
2.86 -0.291289 
2.87 -0.297504 
2.88 -0.303641 
2.89 -0.309699 
2.9 -0.315679 
2.91 -0.321581 
2.92 -0.327404 
2.93 -0.333146 
2.94 -0.338806 
2.95 -0.344377 
2.96 -0.349851 
2.97 -0.355218 
2.98 -0.360482 
2.99 -0.365654 
3 -0.37074 
3.01 -0.375741 
3.02 -0.380659 
3.03 -0.385494 
3.04 -0.390246 
3.05 -0.394916 
3.06 -0.399502 
3.07 -0.404006 
3.08 -0.408427 
3.09 -0.412765 
3.1 -0.417019 
3.11 -0.42119 
3.12 -0.425278 
3.13 -0.429281 
3.14 -0.433201 
3.15 -0.437037 
3.16 -0.440788 
3.17 -0.444455 
3.18 -0.448038 
3.19 -0.451536 
3.2 -0.45495 
3.21 -0.458279 
3.22 -0.461523 
3.23 -0.464682 
3.24 -0.467756 
3.25 -0.470745 
3.26 -0.473648 
3.27 -0.476467 
3.28 -0.4792 
3.29 -0.481848 
3.3 -0.484412 
3.31 -0.48689 
3.32 -0.489284 
3.33 -0.491593 
3.34 -0.493818 
3.35 -0.495958 
3.36 -0.498015 
3.37 -0.499987 
3.38 -0.501875 
3.39 -0.503679 
3.4 -0.505399 
3.41 -0.507034 
3.42 -0.508586 
3.43 -0.510054 
3.44 -0.511439 
3.45 -0.51274 
3.46 -0.513959 
3.47 -0.515094 
3.48 -0.516146 
3.49 -0.517114 
3.5 -0.517997 
3.51 -0.518796 
3.52 -0.51951 
3.53 -0.520138 
3.54 -0.52068 
3.55 -0.521138 
3.56 -0.52151 
3.57 -0.521796 
3.58 -0.521997 
3.59 -0.522112 
3.6 -0.522143 
3.61 -0.52209 
3.62 -0.521955 
3.63 -0.521739 
3.64 -0.521442 
3.65 -0.521064 
3.66 -0.520607 
3.67 -0.520069 
3.68 -0.519453 
3.69 -0.518757 
3.7 -0.517982 
3.71 -0.517128 
3.72 -0.516196 
3.73 -0.515186 
3.74 -0.514098 
3.75 -0.512933 
3.76 -0.51169 
3.77 -0.510371 
3.78 -0.508975 
3.79 -0.507504 
3.8 -0.505957 
3.81 -0.504335 
3.82 -0.502637 
3.83 -0.500866 
3.84 -0.499021 
3.85 -0.497102 
3.86 -0.49511 
3.87 -0.493047 
3.88 -0.490913 
3.89 -0.488709 
3.9 -0.486438 
3.91 -0.484103 
3.92 -0.481707 
3.93 -0.479257 
3.94 -0.476754 
3.95 -0.474192 
3.96 -0.471567 
3.97 -0.468877 
3.98 -0.466122 
3.99 -0.4633 
4 -0.460412 
4.01 -0.457458 
4.02 -0.454438 
4.03 -0.451352 
4.04 -0.4482 
4.05 -0.444982 
4.06 -0.441699 
4.07 -0.438351 
4.08 -0.434939 
4.09 -0.431463 
4.1 -0.427922 
4.11 -0.424319 
4.12 -0.420653 
4.13 -0.416924 
4.14 -0.413133 
4.15 -0.40928 
4.16 -0.405365 
4.17 -0.40139 
4.18 -0.397354 
4.19 -0.393258 
4.2 -0.389103 
4.21 -0.384889 
4.22 -0.380617 
4.23 -0.376289 
4.24 -0.371903 
4.25 -0.367461 
4.26 -0.362962 
4.27 -0.358407 
4.28 -0.353796 
4.29 -0.349129 
4.3 -0.344409 
4.31 -0.339635 
4.32 -0.334808 
4.33 -0.32993 
4.34 -0.325001 
4.35 -0.320021 
4.36 -0.314991 
4.37 -0.309912 
4.38 -0.304784 
4.39 -0.299607 
4.4 -0.294384 
4.41 -0.289113 
4.42 -0.283797 
4.43 -0.278436 
4.44 -0.273029 
4.45 -0.267578 
4.46 -0.262083 
4.47 -0.256546 
4.48 -0.250966 
4.49 -0.245345 
4.5 -0.239682 
4.51 -0.233979 
4.52 -0.228235 
4.53 -0.222452 
4.54 -0.216631 
4.55 -0.210771 
4.56 -0.204872 
4.57 -0.198936 
4.58 -0.192963 
4.59 -0.186955 
4.6 -0.18091 
4.61 -0.174832 
4.62 -0.16872 
4.63 -0.162576 
4.64 -0.156401 
4.65 -0.150197 
4.66 -0.143968 
4.67 -0.137718 
4.68 -0.131452 
4.69 -0.125172 
4.7 -0.118874 
4.71 -0.112556 
4.72 -0.106214 
4.73 -0.0998478 
4.74 -0.0934558 
4.75 -0.0870375 
4.76 -0.0805926 
4.77 -0.0741211 
4.78 -0.0676232 
4.79 -0.0610991 
4.8 -0.0545493 
4.81 -0.0479742 
4.82 -0.0413741 
4.83 -0.0347495 
4.84 -0.0281009 
4.85 -0.0214287 
4.86 -0.0147333 
4.87 -0.00801511 
4.88 -0.00127468 
4.89 0.00548756 
4.9 0.0122711 
4.91 0.0190755 
4.92 0.0259002 
4.93 0.0327446 
4.94 0.039608 
4.95 0.0464898 
4.96 0.0533892 
4.97 0.0603053 
4.98 0.0672372 
4.99 0.0741841 
