#dt:0.001
#num_trajs:10
0 2.10045 
0.1 2.15227 
0.2 2.19232 
0.3 2.22026 
0.4 2.23584 
0.5 2.23895 
0.6 2.22956 
0.7 2.2078 
0.8 2.17389 
0.9 2.12822 
1 2.07127 
1.1 2.00367 
1.2 1.92616 
1.3 1.83972 
1.4 1.74558 
1.5 1.64518 
1.6 1.54013 
1.7 1.43309 
1.8 1.3333 
1.9 1.27072 
2 1.24872 
2.1 1.24665 
2.2 1.25577 
2.3 1.26743 
2.4 1.27866 
2.5 1.28853 
2.6 1.29643 
2.7 1.30177 
2.8 1.30405 
2.9 1.30299 
3 1.29844 
3.1 1.29036 
3.2 1.27873 
3.3 1.26353 
3.4 1.24477 
3.5 1.22243 
3.6 1.19653 
3.7 1.16709 
3.8 1.13433 
3.9 1.09876 
4 1.06113 
4.1 1.02165 
4.2 0.980199 
4.3 0.937613 
4.4 0.894062 
4.5 0.849448 
4.6 0.804541 
4.7 0.759323 
4.8 0.713548 
4.9 0.667491 
