#dt:0.0001
#num_trajs:1000
0 0.476758 0.494611 
0.01 0.476884 0.49474 
0.02 0.476948 0.494823 
0.03 0.47694 0.494849 
0.04 0.476856 0.494811 
0.05 0.476701 0.494714 
0.06 0.476492 0.494568 
0.07 0.476252 0.494393 
0.08 0.476007 0.49421 
0.09 0.475778 0.494037 
0.1 0.47558 0.493892 
0.11 0.475423 0.493785 
0.12 0.475311 0.493721 
0.13 0.475242 0.493699 
0.14 0.475211 0.493716 
0.15 0.475209 0.493763 
0.16 0.475216 0.493826 
0.17 0.475143 0.493868 
0.18 0.47523 0.493951 
0.19 0.47529 0.494016 
0.2 0.47518 0.494009 
0.21 0.475102 0.493991 
0.22 0.475038 0.493958 
0.23 0.474967 0.493912 
0.24 0.474884 0.493862 
0.25 0.474791 0.49382 
0.26 0.47469 0.493798 
0.27 0.474586 0.493799 
0.28 0.474478 0.493823 
0.29 0.474361 0.493856 
0.3 0.474229 0.493882 
0.31 0.474075 0.493881 
0.32 0.473894 0.493839 
0.33 0.473687 0.49375 
0.34 0.473463 0.493624 
0.35 0.473236 0.493483 
0.36 0.473024 0.493353 
0.37 0.472841 0.493257 
0.38 0.472692 0.4932 
0.39 0.47257 0.493175 
0.4 0.472464 0.493158 
0.41 0.472357 0.493121 
0.42 0.472236 0.493044 
0.43 0.472096 0.492921 
0.44 0.471946 0.492766 
0.45 0.471798 0.492606 
0.46 0.471667 0.492469 
0.47 0.471564 0.492373 
0.48 0.471492 0.492325 
0.49 0.471447 0.492314 
0.5 0.471418 0.492319 
0.51 0.471395 0.492315 
0.52 0.471369 0.492285 
0.53 0.471322 0.492221 
0.54 0.471233 0.492124 
0.55 0.471137 0.492009 
0.56 0.471052 0.491892 
0.57 0.470982 0.491789 
0.58 0.470928 0.491708 
0.59 0.470893 0.491653 
0.6 0.470873 0.491624 
0.61 0.470865 0.491612 
0.62 0.470864 0.491607 
0.63 0.470865 0.491598 
0.64 0.470866 0.491577 
0.65 0.470863 0.491538 
0.66 0.470858 0.491479 
0.67 0.470854 0.491401 
0.68 0.470852 0.491308 
0.69 0.470855 0.491204 
0.7 0.470866 0.491094 
0.71 0.470882 0.490984 
0.72 0.470901 0.490878 
0.73 0.470917 0.490778 
0.74 0.470921 0.490685 
0.75 0.4709 0.490601 
0.76 0.470848 0.490523 
0.77 0.470768 0.49045 
0.78 0.470683 0.490377 
0.79 0.470631 0.490303 
0.8 0.470621 0.490224 
0.81 0.470591 0.490136 
0.82 0.470442 0.490034 
0.83 0.470223 0.48992 
0.84 0.470137 0.489798 
0.85 0.470105 0.489668 
0.86 0.46991 0.489528 
0.87 0.469714 0.489385 
0.88 0.469674 0.489246 
0.89 0.469657 0.489112 
0.9 0.469561 0.488985 
0.91 0.469435 0.488869 
0.92 0.469348 0.488766 
0.93 0.469323 0.48868 
0.94 0.469349 0.488609 
0.95 0.469403 0.488553 
0.96 0.469466 0.488508 
0.97 0.469525 0.488472 
0.98 0.469575 0.488442 
0.99 0.469614 0.488415 
1 0.469638 0.488386 
1.01 0.469647 0.488353 
1.02 0.469637 0.488313 
1.03 0.469612 0.488263 
1.04 0.469577 0.488202 
1.05 0.46954 0.488128 
1.06 0.469483 0.488043 
1.07 0.469371 0.487949 
1.08 0.469218 0.487847 
1.09 0.469053 0.487741 
1.1 0.46889 0.487632 
1.11 0.468738 0.487523 
1.12 0.468606 0.487418 
1.13 0.468497 0.487319 
1.14 0.468412 0.487228 
1.15 0.468351 0.487144 
1.16 0.468308 0.487069 
1.17 0.468276 0.487 
1.18 0.468246 0.486934 
1.19 0.468208 0.48687 
1.2 0.468152 0.486804 
1.21 0.468072 0.486735 
1.22 0.467966 0.486662 
1.23 0.467836 0.486588 
1.24 0.467693 0.486516 
1.25 0.46755 0.486454 
1.26 0.467425 0.486406 
1.27 0.46733 0.486379 
1.28 0.467276 0.486373 
1.29 0.467259 0.486387 
1.3 0.467268 0.486409 
1.31 0.467278 0.486425 
1.32 0.467264 0.486419 
1.33 0.467204 0.486376 
1.34 0.467094 0.486295 
1.35 0.46696 0.486187 
1.36 0.466846 0.486078 
1.37 0.466799 0.485994 
1.38 0.466835 0.485945 
1.39 0.466917 0.485917 
1.4 0.466968 0.485871 
1.41 0.466916 0.485772 
1.42 0.466762 0.485621 
1.43 0.466598 0.485469 
1.44 0.46654 0.485376 
1.45 0.4666 0.485348 
1.46 0.466656 0.485325 
1.47 0.46657 0.485236 
1.48 0.46635 0.485085 
1.49 0.466154 0.484954 
1.5 0.466109 0.484907 
1.51 0.46616 0.484915 
1.52 0.466146 0.484895 
1.53 0.465986 0.484803 
1.54 0.465759 0.48468 
1.55 0.4656 0.484592 
1.56 0.465568 0.484569 
1.57 0.465612 0.484584 
1.58 0.465634 0.484583 
1.59 0.465572 0.484536 
1.6 0.465432 0.484444 
1.61 0.465269 0.484336 
1.62 0.465138 0.484239 
1.63 0.465069 0.48417 
1.64 0.465057 0.484127 
1.65 0.465075 0.484096 
1.66 0.465086 0.484059 
1.67 0.465063 0.484004 
1.68 0.464998 0.483927 
1.69 0.464897 0.483831 
1.7 0.464778 0.483727 
1.71 0.464663 0.483627 
1.72 0.464575 0.48354 
1.73 0.464526 0.483476 
1.74 0.464525 0.483437 
1.75 0.464569 0.483425 
1.76 0.464645 0.483434 
1.77 0.464727 0.483459 
1.78 0.464782 0.483492 
1.79 0.464776 0.483526 
1.8 0.464724 0.483555 
1.81 0.464724 0.48358 
1.82 0.464911 0.483605 
1.83 0.464968 0.483614 
1.84 0.464794 0.483602 
1.85 0.464766 0.483589 
1.86 0.464776 0.48357 
1.87 0.464803 0.483546 
1.88 0.464828 0.483517 
1.89 0.464841 0.483487 
1.9 0.464848 0.483456 
1.91 0.464858 0.483425 
1.92 0.464876 0.483394 
1.93 0.464904 0.483362 
1.94 0.464936 0.483328 
1.95 0.464963 0.483289 
1.96 0.464978 0.483244 
1.97 0.464973 0.483189 
1.98 0.464944 0.483125 
1.99 0.464888 0.483051 
2 0.46481 0.482968 
2.01 0.464716 0.482877 
2.02 0.464615 0.482782 
2.03 0.464517 0.482686 
2.04 0.464432 0.482591 
2.05 0.464366 0.4825 
2.06 0.464319 0.482414 
2.07 0.464288 0.482337 
2.08 0.464263 0.482269 
2.09 0.464234 0.48221 
2.1 0.46419 0.482159 
2.11 0.464125 0.482115 
2.12 0.46404 0.482074 
2.13 0.463944 0.482037 
2.14 0.46385 0.482003 
2.15 0.463773 0.481975 
2.16 0.463726 0.481952 
2.17 0.463716 0.481934 
2.18 0.463739 0.481919 
2.19 0.463781 0.481904 
2.2 0.463825 0.481884 
2.21 0.463854 0.481855 
2.22 0.463856 0.481816 
2.23 0.46383 0.481767 
2.24 0.463783 0.481712 
2.25 0.463733 0.481656 
2.26 0.463696 0.481603 
2.27 0.463685 0.481559 
2.28 0.463705 0.481525 
2.29 0.463749 0.4815 
2.3 0.463803 0.481481 
2.31 0.46385 0.481466 
2.32 0.463874 0.48145 
2.33 0.463865 0.48143 
2.34 0.463822 0.481406 
2.35 0.463747 0.481378 
2.36 0.463648 0.481347 
2.37 0.463546 0.481316 
2.38 0.463483 0.481292 
2.39 0.463502 0.481281 
2.4 0.4636 0.481281 
2.41 0.463712 0.48128 
2.42 0.463766 0.481263 
2.43 0.46376 0.481229 
2.44 0.463718 0.481181 
2.45 0.463658 0.481121 
2.46 0.46359 0.481052 
2.47 0.46352 0.480975 
2.48 0.463456 0.480892 
2.49 0.463405 0.480806 
2.5 0.463376 0.480719 
2.51 0.463374 0.480631 
2.52 0.463402 0.480543 
2.53 0.463455 0.480456 
2.54 0.463518 0.480369 
2.55 0.463569 0.480282 
2.56 0.463593 0.480195 
2.57 0.463586 0.480107 
2.58 0.463548 0.480019 
2.59 0.463484 0.479933 
2.6 0.463399 0.479848 
2.61 0.463301 0.479769 
2.62 0.463197 0.479696 
2.63 0.463094 0.479634 
2.64 0.463 0.479583 
2.65 0.46292 0.479545 
2.66 0.462857 0.479522 
2.67 0.462813 0.479514 
2.68 0.462786 0.47952 
2.69 0.462775 0.47954 
2.7 0.462776 0.479571 
2.71 0.462786 0.479613 
2.72 0.462799 0.479661 
2.73 0.462812 0.479715 
2.74 0.462821 0.479771 
2.75 0.462822 0.479827 
2.76 0.462812 0.479879 
2.77 0.462789 0.479925 
2.78 0.462751 0.479963 
2.79 0.462698 0.47999 
2.8 0.46263 0.480006 
2.81 0.462549 0.48001 
2.82 0.462458 0.480001 
2.83 0.46236 0.479981 
2.84 0.46226 0.47995 
2.85 0.462162 0.47991 
2.86 0.462068 0.479863 
2.87 0.461983 0.47981 
2.88 0.461909 0.479753 
2.89 0.461849 0.479693 
2.9 0.461802 0.479631 
2.91 0.461769 0.479571 
2.92 0.461751 0.479516 
2.93 0.461744 0.479472 
2.94 0.461745 0.479437 
2.95 0.461748 0.479436 
2.96 0.461745 0.479545 
2.97 0.46173 0.479609 
2.98 0.461695 0.479589 
2.99 0.461642 0.479587 
3 0.461568 0.479608 
3.01 0.461478 0.479642 
3.02 0.461375 0.479685 
3.03 0.461264 0.479731 
3.04 0.461152 0.479777 
3.05 0.461045 0.479821 
3.06 0.460946 0.47986 
3.07 0.460861 0.479891 
3.08 0.46079 0.479911 
3.09 0.460733 0.479919 
3.1 0.460689 0.479911 
3.11 0.460653 0.479887 
3.12 0.46062 0.479847 
3.13 0.460584 0.479792 
3.14 0.46054 0.479724 
3.15 0.460483 0.479648 
3.16 0.460413 0.479569 
3.17 0.460329 0.479493 
3.18 0.460234 0.479425 
3.19 0.460132 0.479369 
3.2 0.46003 0.479329 
3.21 0.459935 0.479306 
3.22 0.459851 0.479299 
3.23 0.459785 0.479304 
3.24 0.45974 0.479317 
3.25 0.459716 0.479333 
3.26 0.459712 0.479346 
3.27 0.459723 0.479351 
3.28 0.459742 0.479345 
3.29 0.459761 0.479325 
3.3 0.459771 0.479292 
3.31 0.459765 0.479248 
3.32 0.459736 0.479196 
3.33 0.459678 0.479139 
3.34 0.45959 0.47908 
3.35 0.459471 0.479021 
3.36 0.459327 0.478962 
3.37 0.459168 0.478902 
3.38 0.459008 0.478837 
3.39 0.458862 0.478762 
3.4 0.458743 0.478676 
3.41 0.458657 0.478578 
3.42 0.458602 0.47847 
3.43 0.458566 0.478357 
3.44 0.458537 0.478247 
3.45 0.458504 0.478148 
3.46 0.458464 0.478068 
3.47 0.458421 0.478014 
3.48 0.458384 0.477988 
3.49 0.458364 0.477993 
3.5 0.458367 0.478026 
3.51 0.458397 0.478082 
3.52 0.458454 0.478152 
3.53 0.45853 0.478224 
3.54 0.458613 0.478293 
3.55 0.458685 0.478359 
3.56 0.458725 0.478423 
3.57 0.458714 0.478465 
3.58 0.458641 0.478447 
3.59 0.458505 0.47835 
3.6 0.458311 0.478186 
3.61 0.458077 0.477979 
3.62 0.457821 0.477757 
3.63 0.457564 0.47754 
3.64 0.457321 0.477346 
3.65 0.457107 0.477187 
3.66 0.456929 0.477072 
3.67 0.456794 0.477003 
3.68 0.456703 0.476979 
3.69 0.456651 0.476996 
3.7 0.456634 0.477048 
3.71 0.456641 0.477124 
3.72 0.456663 0.477213 
3.73 0.456687 0.477303 
3.74 0.456705 0.477381 
3.75 0.456707 0.477439 
3.76 0.45669 0.477466 
3.77 0.456654 0.477461 
3.78 0.4566 0.477421 
3.79 0.456537 0.477354 
3.8 0.456471 0.477269 
3.81 0.456413 0.477179 
3.82 0.45637 0.477097 
3.83 0.456344 0.477035 
3.84 0.456333 0.476998 
3.85 0.456331 0.476985 
3.86 0.456325 0.476989 
3.87 0.456298 0.476994 
3.88 0.456237 0.476983 
3.89 0.456129 0.476941 
3.9 0.45597 0.47686 
3.91 0.455768 0.476742 
3.92 0.455552 0.476604 
3.93 0.455361 0.476472 
3.94 0.455181 0.476369 
3.95 0.45502 0.476313 
3.96 0.4549 0.476308 
3.97 0.454819 0.476339 
3.98 0.454765 0.47638 
3.99 0.454717 0.4764 
4 0.454657 0.476373 
4.01 0.454576 0.476294 
4.02 0.454474 0.476174 
4.03 0.454362 0.476038 
4.04 0.454252 0.475912 
4.05 0.454154 0.475814 
4.06 0.454071 0.475748 
4.07 0.453999 0.475701 
4.08 0.45393 0.475651 
4.09 0.453855 0.475579 
4.1 0.45377 0.475473 
4.11 0.453674 0.475333 
4.12 0.453575 0.475171 
4.13 0.453479 0.475007 
4.14 0.453394 0.474859 
4.15 0.453325 0.474741 
4.16 0.453273 0.474659 
4.17 0.453234 0.474612 
4.18 0.453203 0.474588 
4.19 0.453172 0.474573 
4.2 0.453132 0.474552 
4.21 0.453077 0.474512 
4.22 0.453005 0.474443 
4.23 0.452917 0.474345 
4.24 0.452817 0.474222 
4.25 0.452716 0.474083 
4.26 0.452626 0.473942 
4.27 0.452565 0.473812 
4.28 0.452543 0.473708 
4.29 0.452569 0.473638 
4.3 0.452637 0.473603 
4.31 0.452729 0.473596 
4.32 0.452816 0.473601 
4.33 0.452864 0.473599 
4.34 0.452848 0.473575 
4.35 0.452765 0.473522 
4.36 0.452648 0.473454 
4.37 0.452554 0.473396 
4.38 0.452534 0.473372 
4.39 0.452598 0.473385 
4.4 0.452692 0.473406 
4.41 0.452729 0.473389 
4.42 0.452658 0.473307 
4.43 0.452535 0.473187 
4.44 0.452454 0.473084 
4.45 0.452284 0.472979 
4.46 0.452304 0.472946 
4.47 0.452413 0.472924 
4.48 0.452268 0.472792 
4.49 0.452037 0.472624 
4.5 0.451932 0.472521 
4.51 0.452003 0.472507 
4.52 0.452123 0.472516 
4.53 0.452149 0.472477 
4.54 0.452067 0.472385 
4.55 0.45198 0.472294 
4.56 0.45198 0.472253 
4.57 0.45207 0.472264 
4.58 0.452171 0.472289 
4.59 0.452195 0.472282 
4.6 0.452104 0.472223 
4.61 0.45192 0.472124 
4.62 0.451701 0.472011 
4.63 0.451503 0.471911 
4.64 0.45136 0.47184 
4.65 0.451277 0.471799 
4.66 0.451232 0.471777 
4.67 0.451183 0.471761 
4.68 0.451097 0.471736 
4.69 0.450991 0.471694 
4.7 0.450891 0.471633 
4.71 0.45079 0.471557 
4.72 0.450683 0.471471 
4.73 0.450575 0.471385 
4.74 0.450472 0.471303 
4.75 0.450381 0.471231 
4.76 0.450306 0.471172 
4.77 0.450248 0.471128 
4.78 0.450204 0.471097 
4.79 0.45017 0.471078 
4.8 0.450142 0.471069 
4.81 0.450116 0.471065 
4.82 0.450088 0.471064 
4.83 0.450055 0.471063 
4.84 0.450014 0.471058 
4.85 0.449965 0.471048 
4.86 0.449906 0.471031 
4.87 0.449839 0.471006 
4.88 0.449762 0.470973 
4.89 0.449676 0.470931 
4.9 0.449583 0.47088 
4.91 0.449485 0.470821 
4.92 0.449388 0.470755 
4.93 0.449296 0.470684 
4.94 0.449218 0.470608 
4.95 0.44916 0.470529 
4.96 0.449125 0.47045 
4.97 0.449116 0.470371 
4.98 0.449129 0.470296 
4.99 0.449159 0.470225 
