0.25 0.25 
0.249911 0.249549 
0.249823 0.249636 
0.249771 0.249688 
0.249697 0.249762 
0.249648 0.249811 
0.249581 0.249877 
0.249427 0.250042 
0.249322 0.250147 
0.249215 0.250117 
0.249149 0.250186 
0.249027 0.2503 
0.24889 0.250439 
0.248801 0.25053 
0.248725 0.250606 
0.248725 0.250624 
0.248709 0.250642 
0.248609 0.250745 
0.248572 0.250783 
0.248474 0.250871 
0.248308 0.251038 
0.248412 0.250989 
0.2485 0.250898 
0.248521 0.250879 
0.248583 0.250783 
0.248522 0.250843 
0.248387 0.250978 
0.248198 0.251168 
0.248075 0.251298 
0.247996 0.251378 
0.247934 0.251438 
0.247921 0.251437 
0.247936 0.25142 
0.247932 0.251444 
0.247884 0.251492 
0.247845 0.251581 
0.247723 0.251702 
0.247628 0.251797 
0.248813 0.253096 
0.248694 0.253206 
0.248637 0.253261 
0.248559 0.253338 
0.248479 0.253418 
0.248456 0.253444 
0.248426 0.253474 
0.248518 0.253382 
0.248601 0.2533 
0.248716 0.253184 
0.248762 0.253138 
0.248835 0.253065 
0.248922 0.252978 
0.248932 0.252963 
0.249019 0.252874 
0.249052 0.252841 
0.249101 0.252792 
0.249153 0.25274 
0.249165 0.252727 
0.249242 0.25265 
0.249295 0.252598 
0.249306 0.252581 
0.249357 0.25253 
0.249304 0.252583 
0.249396 0.25249 
0.249511 0.252376 
0.249528 0.252359 
0.249633 0.252259 
0.24972 0.252172 
0.249708 0.252167 
0.249706 0.252169 
0.249672 0.252203 
0.249644 0.252231 
0.249506 0.25237 
0.249408 0.252466 
0.249343 0.252531 
0.24935 0.252524 
0.249372 0.252502 
0.249336 0.252538 
0.249254 0.252621 
0.249254 0.25262 
0.249255 0.252618 
0.249277 0.252597 
0.249289 0.252585 
0.249188 0.252686 
0.249142 0.252731 
0.249099 0.252775 
0.249186 0.252688 
0.249192 0.252682 
0.249136 0.2527 
0.249136 0.252703 
0.249155 0.252684 
0.249195 0.252644 
0.249283 0.252557 
0.249433 0.252341 
0.249505 0.25227 
0.249525 0.25225 
0.249492 0.252282 
0.249548 0.252226 
0.249576 0.252198 
0.249609 0.252165 
0.249753 0.252021 
0.249817 0.251958 
0.249885 0.251889 
0.249922 0.251853 
0.249894 0.25188 
0.249897 0.251877 
0.250024 0.251751 
0.250214 0.251561 
0.250297 0.251478 
0.250374 0.251401 
0.2505 0.251275 
0.25064 0.251134 
0.250778 0.250996 
0.250817 0.250957 
0.250944 0.250831 
0.251041 0.250733 
0.251113 0.250662 
0.25112 0.250655 
0.251119 0.250655 
0.25111 0.250665 
0.251108 0.25067 
0.251028 0.250751 
0.250962 0.250816 
0.250906 0.250872 
0.250871 0.250908 
0.250938 0.250841 
0.250926 0.250853 
0.250863 0.250916 
0.250983 0.250796 
0.250994 0.250784 
0.250858 0.250921 
0.250911 0.250867 
0.250886 0.250893 
0.25086 0.250919 
0.2509 0.250879 
0.250985 0.250794 
0.251098 0.250683 
0.251106 0.250674 
0.251041 0.25074 
0.250988 0.250792 
0.25095 0.25083 
0.250975 0.250805 
0.250929 0.25085 
0.250944 0.250834 
0.251013 0.250765 
0.251033 0.250745 
0.251178 0.250601 
0.251229 0.25055 
0.251269 0.25051 
0.251326 0.250453 
0.251308 0.250471 
0.251313 0.250468 
0.251322 0.250459 
0.251284 0.250497 
0.251191 0.250579 
0.251158 0.250611 
0.251206 0.250563 
0.251266 0.250503 
0.251325 0.250445 
0.251334 0.250435 
0.251328 0.250441 
0.251307 0.250462 
0.251259 0.25051 
0.251253 0.250516 
0.251312 0.250458 
0.251313 0.250457 
0.251288 0.25048 
0.251334 0.250428 
0.251405 0.250357 
0.251396 0.250365 
0.25138 0.250381 
0.251374 0.250388 
0.25139 0.250372 
0.251377 0.250385 
0.251373 0.250388 
0.251391 0.25037 
0.251409 0.250352 
0.251521 0.250241 
0.251676 0.250085 
0.251793 0.249968 
0.251917 0.249844 
0.251996 0.249766 
0.251983 0.249779 
0.251944 0.249818 
0.251886 0.249875 
0.251948 0.249814 
0.251984 0.249775 
0.251998 0.249762 
0.251972 0.249787 
0.251967 0.249786 
0.251975 0.249778 
0.252048 0.249705 
0.252147 0.249606 
0.252232 0.249521 
0.25225 0.249503 
0.252278 0.249475 
0.252281 0.249471 
0.252349 0.249403 
0.252413 0.24934 
0.252423 0.24933 
0.252372 0.249381 
