#dt:0.0001
#num_trajs:1000
0 0.476758 0.494611 
0.01 0.476884 0.49474 
0.02 0.476948 0.494823 
0.03 0.47694 0.494849 
0.04 0.476856 0.494811 
0.05 0.476701 0.494714 
0.06 0.476492 0.494568 
0.07 0.476252 0.494393 
0.08 0.476007 0.49421 
0.09 0.475778 0.494037 
0.1 0.47558 0.493892 
0.11 0.475423 0.493785 
0.12 0.475311 0.493721 
0.13 0.475242 0.493699 
0.14 0.475211 0.493716 
0.15 0.475209 0.493763 
0.16 0.475216 0.493826 
0.17 0.475143 0.493868 
0.18 0.475282 0.493969 
0.19 0.475157 0.493976 
0.2 0.475108 0.493988 
0.21 0.475099 0.493992 
0.22 0.475076 0.493972 
0.23 0.475026 0.493932 
0.24 0.474953 0.493885 
0.25 0.474864 0.493844 
0.26 0.474764 0.493822 
0.27 0.474659 0.493824 
0.28 0.47455 0.493847 
0.29 0.474431 0.49388 
0.3 0.474297 0.493905 
0.31 0.474141 0.493904 
0.32 0.473958 0.493861 
0.33 0.47375 0.493771 
0.34 0.473524 0.493645 
0.35 0.473296 0.493503 
0.36 0.473083 0.493373 
0.37 0.472898 0.493276 
0.38 0.472748 0.493219 
0.39 0.472626 0.493194 
0.4 0.472519 0.493177 
0.41 0.47241 0.493139 
0.42 0.472288 0.493062 
0.43 0.472148 0.492939 
0.44 0.471997 0.492784 
0.45 0.471848 0.492624 
0.46 0.471717 0.492486 
0.47 0.471614 0.49239 
0.48 0.471542 0.492342 
0.49 0.471496 0.492331 
0.5 0.471467 0.492335 
0.51 0.471443 0.492331 
0.52 0.471417 0.492302 
0.53 0.47137 0.492237 
0.54 0.471281 0.49214 
0.55 0.471184 0.492025 
0.56 0.471099 0.491909 
0.57 0.471029 0.491805 
0.58 0.470976 0.491724 
0.59 0.47094 0.49167 
0.6 0.47092 0.49164 
0.61 0.470912 0.491628 
0.62 0.470911 0.491623 
0.63 0.470912 0.491614 
0.64 0.470912 0.491593 
0.65 0.47091 0.491554 
0.66 0.470905 0.491495 
0.67 0.470901 0.491417 
0.68 0.470899 0.491324 
0.69 0.470903 0.49122 
0.7 0.470913 0.491111 
0.71 0.47093 0.491001 
0.72 0.470949 0.490894 
0.73 0.470965 0.490794 
0.74 0.470969 0.490702 
0.75 0.470948 0.490618 
0.76 0.470896 0.49054 
0.77 0.470816 0.490466 
0.78 0.470732 0.490394 
0.79 0.47068 0.49032 
0.8 0.47067 0.490241 
0.81 0.470641 0.490153 
0.82 0.470491 0.490051 
0.83 0.470273 0.489937 
0.84 0.470187 0.489815 
0.85 0.470155 0.489685 
0.86 0.469961 0.489545 
0.87 0.469765 0.489403 
0.88 0.469725 0.489264 
0.89 0.469709 0.48913 
0.9 0.469614 0.489003 
0.91 0.469488 0.488887 
0.92 0.469401 0.488784 
0.93 0.469376 0.488698 
0.94 0.469403 0.488627 
0.95 0.469458 0.488571 
0.96 0.46952 0.488526 
0.97 0.46958 0.488491 
0.98 0.469631 0.488461 
0.99 0.46967 0.488434 
1 0.469695 0.488405 
1.01 0.469703 0.488373 
1.02 0.469695 0.488332 
1.03 0.46967 0.488282 
1.04 0.469635 0.488221 
1.05 0.469598 0.488148 
1.06 0.469542 0.488063 
1.07 0.469431 0.487969 
1.08 0.469278 0.487868 
1.09 0.469113 0.487761 
1.1 0.46895 0.487652 
1.11 0.4688 0.487544 
1.12 0.468668 0.487439 
1.13 0.468559 0.48734 
1.14 0.468475 0.487249 
1.15 0.468414 0.487166 
1.16 0.468372 0.48709 
1.17 0.468341 0.487021 
1.18 0.468311 0.486956 
1.19 0.468274 0.486892 
1.2 0.468218 0.486826 
1.21 0.468139 0.486757 
1.22 0.468033 0.486685 
1.23 0.467904 0.486611 
1.24 0.467761 0.486539 
1.25 0.467619 0.486476 
1.26 0.467494 0.486429 
1.27 0.4674 0.486402 
1.28 0.467346 0.486397 
1.29 0.46733 0.48641 
1.3 0.467339 0.486433 
1.31 0.46735 0.486449 
1.32 0.467336 0.486443 
1.33 0.467277 0.486401 
1.34 0.467168 0.486319 
1.35 0.467034 0.486211 
1.36 0.466921 0.486102 
1.37 0.466874 0.486019 
1.38 0.46691 0.485971 
1.39 0.466993 0.485942 
1.4 0.467045 0.485896 
1.41 0.466994 0.485797 
1.42 0.46684 0.485647 
1.43 0.466677 0.485495 
1.44 0.466619 0.485402 
1.45 0.466679 0.485375 
1.46 0.466736 0.485352 
1.47 0.466651 0.485263 
1.48 0.466431 0.485112 
1.49 0.466236 0.484981 
1.5 0.466191 0.484934 
1.51 0.466242 0.484942 
1.52 0.466228 0.484922 
1.53 0.466069 0.484831 
1.54 0.465843 0.484708 
1.55 0.465684 0.48462 
1.56 0.465652 0.484597 
1.57 0.465697 0.484612 
1.58 0.46572 0.484611 
1.59 0.465657 0.484564 
1.6 0.465518 0.484473 
1.61 0.465356 0.484364 
1.62 0.465225 0.484268 
1.63 0.465156 0.484199 
1.64 0.465145 0.484156 
1.65 0.465163 0.484124 
1.66 0.465174 0.484088 
1.67 0.465152 0.484033 
1.68 0.465087 0.483956 
1.69 0.464986 0.48386 
1.7 0.464867 0.483756 
1.71 0.464753 0.483656 
1.72 0.464664 0.48357 
1.73 0.464616 0.483505 
1.74 0.464616 0.483467 
1.75 0.46466 0.483454 
1.76 0.464735 0.483464 
1.77 0.464818 0.483489 
1.78 0.464873 0.483522 
1.79 0.464867 0.483556 
1.8 0.464815 0.483585 
1.81 0.464816 0.48361 
1.82 0.465003 0.483635 
1.83 0.46506 0.483644 
1.84 0.464885 0.483632 
1.85 0.464857 0.483619 
1.86 0.464869 0.4836 
1.87 0.464895 0.483576 
1.88 0.46492 0.483547 
1.89 0.464933 0.483517 
1.9 0.46494 0.483486 
1.91 0.46495 0.483455 
1.92 0.464969 0.483424 
1.93 0.464996 0.483392 
1.94 0.465028 0.483358 
1.95 0.465055 0.483319 
1.96 0.46507 0.483274 
1.97 0.465065 0.483219 
1.98 0.465035 0.483155 
1.99 0.46498 0.483081 
2 0.464901 0.482997 
2.01 0.464807 0.482907 
2.02 0.464706 0.482812 
2.03 0.464608 0.482716 
2.04 0.464523 0.48262 
2.05 0.464456 0.482529 
2.06 0.464409 0.482444 
2.07 0.464378 0.482366 
2.08 0.464353 0.482298 
2.09 0.464323 0.482239 
2.1 0.464279 0.482189 
2.11 0.464214 0.482144 
2.12 0.464129 0.482103 
2.13 0.464032 0.482066 
2.14 0.463937 0.482032 
2.15 0.46386 0.482004 
2.16 0.463814 0.48198 
2.17 0.463803 0.481963 
2.18 0.463825 0.481948 
2.19 0.463867 0.481932 
2.2 0.463911 0.481912 
2.21 0.463939 0.481883 
2.22 0.463941 0.481844 
2.23 0.463914 0.481795 
2.24 0.463867 0.48174 
2.25 0.463816 0.481683 
2.26 0.463779 0.481631 
2.27 0.463767 0.481586 
2.28 0.463787 0.481552 
2.29 0.46383 0.481526 
2.3 0.463883 0.481508 
2.31 0.46393 0.481492 
2.32 0.463953 0.481476 
2.33 0.463944 0.481456 
2.34 0.4639 0.481432 
2.35 0.463824 0.481404 
2.36 0.463725 0.481372 
2.37 0.463623 0.481341 
2.38 0.463559 0.481317 
2.39 0.463577 0.481306 
2.4 0.463675 0.481306 
2.41 0.463786 0.481305 
2.42 0.46384 0.481288 
2.43 0.463832 0.481253 
2.44 0.46379 0.481204 
2.45 0.46373 0.481145 
2.46 0.463661 0.481075 
2.47 0.46359 0.480998 
2.48 0.463525 0.480915 
2.49 0.463474 0.480829 
2.5 0.463444 0.480741 
2.51 0.463441 0.480653 
2.52 0.463469 0.480566 
2.53 0.463521 0.480478 
2.54 0.463583 0.480391 
2.55 0.463633 0.480304 
2.56 0.463657 0.480216 
2.57 0.463649 0.480128 
2.58 0.463611 0.48004 
2.59 0.463546 0.479953 
2.6 0.46346 0.479869 
2.61 0.463361 0.479789 
2.62 0.463256 0.479716 
2.63 0.463153 0.479653 
2.64 0.463059 0.479602 
2.65 0.462978 0.479565 
2.66 0.462914 0.479541 
2.67 0.462869 0.479533 
2.68 0.462842 0.479539 
2.69 0.46283 0.479559 
2.7 0.46283 0.47959 
2.71 0.462839 0.479631 
2.72 0.462851 0.479679 
2.73 0.462864 0.479733 
2.74 0.462872 0.479789 
2.75 0.462873 0.479844 
2.76 0.462862 0.479896 
2.77 0.462838 0.479942 
2.78 0.4628 0.479979 
2.79 0.462746 0.480007 
2.8 0.462677 0.480022 
2.81 0.462595 0.480026 
2.82 0.462504 0.480017 
2.83 0.462406 0.479996 
2.84 0.462305 0.479965 
2.85 0.462206 0.479925 
2.86 0.462112 0.479878 
2.87 0.462026 0.479825 
2.88 0.461952 0.479768 
2.89 0.46189 0.479707 
2.9 0.461843 0.479646 
2.91 0.46181 0.479585 
2.92 0.461791 0.47953 
2.93 0.461784 0.479486 
2.94 0.461785 0.479451 
2.95 0.461787 0.47945 
2.96 0.461784 0.479559 
2.97 0.461767 0.479622 
2.98 0.461733 0.479602 
2.99 0.461679 0.4796 
3 0.461605 0.479621 
3.01 0.461514 0.479655 
3.02 0.461411 0.479698 
3.03 0.4613 0.479743 
3.04 0.461187 0.479789 
3.05 0.46108 0.479833 
3.06 0.460981 0.479872 
3.07 0.460895 0.479903 
3.08 0.460823 0.479923 
3.09 0.460767 0.479931 
3.1 0.460722 0.479923 
3.11 0.460686 0.479899 
3.12 0.460653 0.479859 
3.13 0.460616 0.479804 
3.14 0.460572 0.479736 
3.15 0.460515 0.47966 
3.16 0.460445 0.479581 
3.17 0.460361 0.479504 
3.18 0.460265 0.479436 
3.19 0.460164 0.479381 
3.2 0.460062 0.479341 
3.21 0.459966 0.479318 
3.22 0.459883 0.47931 
3.23 0.459816 0.479315 
3.24 0.459771 0.479328 
3.25 0.459747 0.479344 
3.26 0.459743 0.479357 
3.27 0.459754 0.479363 
3.28 0.459773 0.479356 
3.29 0.459792 0.479337 
3.3 0.459803 0.479304 
3.31 0.459797 0.47926 
3.32 0.459768 0.479207 
3.33 0.459711 0.47915 
3.34 0.459622 0.479092 
3.35 0.459504 0.479033 
3.36 0.45936 0.478974 
3.37 0.459201 0.478914 
3.38 0.459041 0.478849 
3.39 0.458896 0.478774 
3.4 0.458777 0.478688 
3.41 0.458692 0.47859 
3.42 0.458636 0.478482 
3.43 0.458601 0.478369 
3.44 0.458572 0.478259 
3.45 0.45854 0.478161 
3.46 0.4585 0.478081 
3.47 0.458457 0.478027 
3.48 0.458421 0.478001 
3.49 0.458401 0.478006 
3.5 0.458405 0.478039 
3.51 0.458435 0.478096 
3.52 0.458493 0.478166 
3.53 0.458569 0.478238 
3.54 0.458653 0.478307 
3.55 0.458725 0.478373 
3.56 0.458766 0.478437 
3.57 0.458755 0.478479 
3.58 0.458683 0.478462 
3.59 0.458547 0.478365 
3.6 0.458355 0.478201 
3.61 0.458122 0.477995 
3.62 0.457866 0.477772 
3.63 0.457609 0.477555 
3.64 0.457367 0.477362 
3.65 0.457154 0.477204 
3.66 0.456977 0.477088 
3.67 0.456843 0.477019 
3.68 0.456752 0.476996 
3.69 0.456701 0.477013 
3.7 0.456684 0.477065 
3.71 0.456693 0.477142 
3.72 0.456715 0.477231 
3.73 0.456741 0.477321 
3.74 0.456759 0.4774 
3.75 0.456762 0.477457 
3.76 0.456746 0.477485 
3.77 0.456711 0.47748 
3.78 0.456658 0.477441 
3.79 0.456596 0.477374 
3.8 0.456531 0.477289 
3.81 0.456474 0.477199 
3.82 0.456431 0.477118 
3.83 0.456406 0.477056 
3.84 0.456397 0.477019 
3.85 0.456396 0.477007 
3.86 0.456391 0.477011 
3.87 0.456365 0.477016 
3.88 0.456305 0.477006 
3.89 0.456199 0.476964 
3.9 0.456041 0.476883 
3.91 0.455839 0.476766 
3.92 0.455625 0.476628 
3.93 0.455435 0.476496 
3.94 0.455256 0.476394 
3.95 0.455097 0.476338 
3.96 0.454977 0.476333 
3.97 0.454898 0.476365 
3.98 0.454845 0.476407 
3.99 0.454799 0.476426 
4 0.45474 0.476401 
4.01 0.45466 0.476322 
4.02 0.45456 0.476202 
4.03 0.454449 0.476067 
4.04 0.45434 0.475941 
4.05 0.454244 0.475844 
4.06 0.454162 0.475778 
4.07 0.454092 0.475731 
4.08 0.454025 0.475682 
4.09 0.453952 0.475611 
4.1 0.453868 0.475505 
4.11 0.453774 0.475365 
4.12 0.453676 0.475204 
4.13 0.453582 0.475041 
4.14 0.453499 0.474893 
4.15 0.453432 0.474776 
4.16 0.453381 0.474695 
4.17 0.453345 0.474647 
4.18 0.453315 0.474624 
4.19 0.453286 0.47461 
4.2 0.453247 0.47459 
4.21 0.453194 0.474549 
4.22 0.453124 0.474481 
4.23 0.453036 0.474384 
4.24 0.452937 0.474261 
4.25 0.452836 0.474122 
4.26 0.452754 0.473983 
4.27 0.452771 0.473878 
4.28 0.452758 0.473776 
4.29 0.452779 0.473704 
4.3 0.452847 0.473669 
4.31 0.452942 0.473663 
4.32 0.453034 0.47367 
4.33 0.453089 0.473671 
4.34 0.453082 0.473649 
4.35 0.45301 0.4736 
4.36 0.452905 0.473535 
4.37 0.452822 0.47348 
4.38 0.452814 0.47346 
4.39 0.452886 0.473475 
4.4 0.45298 0.473496 
4.41 0.453002 0.473475 
4.42 0.452891 0.473381 
4.43 0.45269 0.473236 
4.44 0.452526 0.473108 
4.45 0.452493 0.473045 
4.46 0.452538 0.47302 
4.47 0.452509 0.472955 
4.48 0.452333 0.472814 
4.49 0.452119 0.472651 
4.5 0.452041 0.472556 
4.51 0.452137 0.47255 
4.52 0.45228 0.472566 
4.53 0.452324 0.472533 
4.54 0.452258 0.472446 
4.55 0.452185 0.472359 
4.56 0.452196 0.472321 
4.57 0.452297 0.472336 
4.58 0.452407 0.472364 
4.59 0.452439 0.472359 
4.6 0.452354 0.472302 
4.61 0.452176 0.472204 
4.62 0.451963 0.472093 
4.63 0.45177 0.471995 
4.64 0.451632 0.471926 
4.65 0.451553 0.471886 
4.66 0.451512 0.471865 
4.67 0.451467 0.47185 
4.68 0.451384 0.471826 
4.69 0.451281 0.471785 
4.7 0.451184 0.471725 
4.71 0.451086 0.47165 
4.72 0.450982 0.471565 
4.73 0.450876 0.471479 
4.74 0.450776 0.471398 
4.75 0.450688 0.471327 
4.76 0.450616 0.471269 
4.77 0.45056 0.471226 
4.78 0.450518 0.471196 
4.79 0.450486 0.471178 
4.8 0.450461 0.471169 
4.81 0.450438 0.471166 
4.82 0.450412 0.471166 
4.83 0.450381 0.471165 
4.84 0.450342 0.471161 
4.85 0.450295 0.471152 
4.86 0.450239 0.471135 
4.87 0.450174 0.471111 
4.88 0.4501 0.471079 
4.89 0.450016 0.471037 
4.9 0.449925 0.470987 
4.91 0.44983 0.470929 
4.92 0.449734 0.470864 
4.93 0.449645 0.470793 
4.94 0.44957 0.470718 
4.95 0.449514 0.47064 
4.96 0.449481 0.470561 
4.97 0.449474 0.470484 
4.98 0.44949 0.470409 
4.99 0.449522 0.470339 
