0 -6.43722
1000 1.28747
2000 1.7233
3000 1.72765
4000 1.78328
5000 1.89288
6000 1.85814
7000 1.97105
8000 1.97174
9000 1.95238
10000 1.91281
11000 1.92207
12000 1.95888
13000 1.98128
14000 1.94471
15000 1.94926
16000 1.96547
17000 1.99208
18000 1.98354
19000 1.99369
20000 1.99615
21000 1.97493
22000 1.96485
23000 1.96344
24000 1.96885
25000 1.96207
26000 1.95135
27000 1.94431
28000 1.93753
29000 1.93445
30000 1.92569
31000 1.92399
32000 1.91302
33000 1.90348
34000 1.90018
35000 1.90329
36000 1.91414
37000 1.90708
38000 1.91122
39000 1.92927
40000 1.94624
41000 1.95764
42000 1.95224
43000 1.9536
44000 1.94186
45000 1.94949
46000 1.95553
47000 1.96238
48000 1.96458
49000 1.96373
50000 1.96366
51000 1.96041
52000 1.95947
53000 1.9488
54000 1.93657
55000 1.92912
56000 1.93361
57000 1.93007
58000 1.92659
59000 1.9153
60000 1.91329
61000 1.9168
62000 1.9162
63000 1.91692
64000 1.91787
65000 1.91979
66000 1.91904
67000 1.91371
68000 1.93562
69000 1.93442
70000 1.92783
71000 1.92195
72000 1.91532
73000 1.91078
74000 1.91045
75000 1.92688
76000 1.92573
77000 1.92232
78000 1.91773
79000 1.92469
80000 1.9303
81000 1.93867
82000 1.93633
83000 1.95688
84000 1.96103
85000 1.95975
86000 1.95793
87000 1.95496
88000 1.95866
89000 1.96252
90000 1.95984
91000 1.95912
92000 1.95841
93000 1.9568
94000 1.95735
95000 1.95897
96000 1.9551
97000 1.95815
98000 1.95612
99000 1.95524
100000 1.95347
101000 1.9562
102000 1.9547
103000 1.96297
104000 1.96016
105000 1.96366
106000 1.95973
107000 1.95796
108000 1.96115
109000 1.96144
110000 1.96408
111000 1.96337
112000 1.96261
113000 1.97028
114000 1.97047
115000 1.97552
116000 1.97873
117000 1.98067
118000 1.97579
119000 1.97589
120000 1.97099
121000 1.96979
122000 1.97767
123000 1.97904
124000 1.9862
125000 1.98535
126000 1.98634
127000 1.98366
128000 1.97966
129000 1.98313
130000 1.98194
131000 1.98034
132000 1.97863
133000 1.97733
134000 1.97991
135000 1.98712
136000 1.99313
137000 1.99092
138000 1.99074
139000 1.98889
140000 1.98952
141000 1.98953
142000 1.99024
143000 1.99164
144000 1.99127
145000 1.99048
146000 1.99226
147000 1.99163
148000 1.99435
149000 2.00123
150000 1.99892
151000 1.99693
152000 1.99425
153000 1.99589
154000 2.00111
155000 1.99933
156000 2.00035
157000 1.99837
158000 1.99761
159000 1.99454
160000 1.9938
161000 2.00057
162000 2.00223
163000 2.00137
164000 2.00177
165000 1.9982
166000 1.99834
167000 1.99933
168000 2.00222
169000 2.00283
170000 2.00386
171000 2.00403
172000 2.00352
173000 2.00691
174000 2.00433
175000 2.00214
176000 2.00057
177000 2.00258
178000 2.00264
179000 2.0023
180000 2.0038
181000 2.0028
182000 2.00043
183000 2.00023
184000 1.99906
185000 1.99905
186000 2.0012
187000 2.00015
188000 1.99821
189000 1.99712
190000 1.99689
191000 1.99576
192000 1.99533
193000 1.99704
194000 1.99811
195000 1.99926
196000 2.00039
197000 2.00161
198000 2.00077
199000 2.00002
200000 1.99866
201000 2.00043
202000 2.00126
203000 1.99994
204000 2.00181
205000 1.99965
206000 2.00001
207000 2.00004
208000 1.99877
209000 1.99829
210000 1.99661
211000 1.99545
212000 1.9964
213000 1.9952
214000 1.99489
215000 1.99576
216000 1.99537
217000 2.00071
218000 2.00103
219000 2.00004
220000 2.00054
221000 1.99999
222000 1.99955
223000 1.99828
224000 1.99619
225000 1.9964
226000 1.99644
227000 1.99623
228000 1.99548
229000 1.99601
230000 1.99499
231000 1.99475
232000 1.99305
233000 1.99189
234000 1.99236
235000 1.9912
236000 1.99288
237000 1.99452
238000 1.99617
239000 1.99715
240000 1.99692
241000 2.0032
242000 2.0054
243000 2.00211
244000 2.00131
245000 2.0024
246000 2.00333
247000 2.00708
248000 2.00572
249000 2.00392
250000 2.00331
251000 2.00244
252000 2.00219
253000 2.001
254000 1.99912
255000 2.00431
256000 2.00257
257000 2.00218
258000 2.00215
259000 2.00119
260000 2.00059
261000 1.99992
262000 1.99916
263000 1.99901
264000 1.9972
265000 1.9956
266000 1.99526
267000 1.99454
268000 1.99588
269000 1.9946
270000 1.99253
271000 1.99312
272000 1.99328
273000 1.99181
274000 1.99094
275000 1.99239
276000 1.99144
277000 1.99166
278000 1.9926
279000 1.99284
280000 1.99438
281000 1.9929
282000 1.99207
283000 1.99104
284000 1.9913
285000 1.99063
286000 1.98981
287000 1.98931
288000 1.98802
289000 1.98648
290000 1.9873
291000 1.9878
292000 1.98663
293000 1.98682
294000 1.98869
295000 1.99107
296000 1.99065
297000 1.98983
298000 1.98844
299000 1.98752
300000 1.98634
301000 1.98702
302000 1.98756
303000 1.98725
304000 1.9857
305000 1.98472
306000 1.9852
307000 1.98582
308000 1.98648
309000 1.98496
310000 1.98514
311000 1.98706
312000 1.98564
313000 1.98499
314000 1.98626
315000 1.98592
316000 1.98597
317000 1.98565
318000 1.98677
319000 1.98545
320000 1.98505
321000 1.98589
322000 1.98472
323000 1.98413
324000 1.98487
325000 1.98448
326000 1.98368
327000 1.98289
328000 1.9822
329000 1.9802
330000 1.97905
331000 1.97804
332000 1.97764
333000 1.98077
334000 1.98037
335000 1.98011
336000 1.98016
337000 1.97982
338000 1.97943
339000 1.97991
340000 1.98008
341000 1.97968
342000 1.9797
343000 1.97857
344000 1.97847
345000 1.97891
346000 1.98042
347000 1.97953
348000 1.97975
349000 1.97912
350000 1.9773
351000 1.97689
352000 1.97759
353000 1.97705
354000 1.97927
355000 1.97779
356000 1.97996
357000 1.9795
358000 1.98169
359000 1.98114
360000 1.98105
361000 1.98053
362000 1.98056
363000 1.98017
364000 1.97898
365000 1.978
366000 1.97827
367000 1.97846
368000 1.97782
369000 1.97824
370000 1.97852
371000 1.97816
372000 1.97636
373000 1.97571
374000 1.97502
375000 1.97586
376000 1.97602
377000 1.97535
378000 1.97705
379000 1.97675
380000 1.97577
381000 1.97517
382000 1.97935
383000 1.98029
384000 1.98011
385000 1.98061
386000 1.97971
387000 1.97944
388000 1.9777
389000 1.97977
390000 1.98119
391000 1.98221
392000 1.98205
393000 1.98242
394000 1.98237
395000 1.9822
396000 1.98093
397000 1.98106
398000 1.98127
399000 1.98046
400000 1.98015
401000 1.979
402000 1.98009
403000 1.98177
404000 1.98454
405000 1.98649
406000 1.986
407000 1.98519
408000 1.98448
409000 1.98477
410000 1.98372
411000 1.98448
412000 1.98473
413000 1.98432
414000 1.98324
415000 1.9835
416000 1.98319
417000 1.98258
418000 1.9848
419000 1.98454
420000 1.98405
421000 1.98214
422000 1.9826
423000 1.98314
424000 1.98557
425000 1.98644
426000 1.98575
427000 1.98444
428000 1.98423
429000 1.98464
430000 1.98675
431000 1.98708
432000 1.98662
433000 1.98555
434000 1.98556
435000 1.98434
436000 1.9835
437000 1.98328
438000 1.98345
439000 1.98332
440000 1.98435
441000 1.98398
442000 1.98504
443000 1.98426
444000 1.98386
445000 1.98423
446000 1.98417
447000 1.98382
448000 1.9844
449000 1.98277
450000 1.9835
451000 1.98292
452000 1.98235
453000 1.98195
454000 1.98219
455000 1.9826
456000 1.98228
457000 1.98208
458000 1.98184
459000 1.981
460000 1.97993
461000 1.97962
462000 1.97947
463000 1.98086
464000 1.98136
465000 1.98099
466000 1.98066
467000 1.98055
468000 1.98026
469000 1.97926
470000 1.97887
471000 1.97951
472000 1.98055
473000 1.98009
474000 1.98003
475000 1.98074
476000 1.98063
477000 1.98009
478000 1.98001
479000 1.97996
480000 1.98191
481000 1.98159
482000 1.98151
483000 1.98332
484000 1.98367
485000 1.98316
486000 1.98399
487000 1.98384
488000 1.98284
489000 1.98256
490000 1.98302
491000 1.98267
492000 1.98246
493000 1.98136
494000 1.98151
495000 1.9817
496000 1.9835
497000 1.98377
498000 1.98318
499000 1.98342
500000 1.98306
501000 1.98358
502000 1.98322
503000 1.98229
504000 1.98305
505000 1.98189
506000 1.98229
507000 1.98342
508000 1.98348
509000 1.98332
510000 1.98297
511000 1.98156
512000 1.98105
513000 1.98008
514000 1.97981
515000 1.97999
516000 1.97952
517000 1.97944
518000 1.97847
519000 1.97754
520000 1.97817
521000 1.98014
522000 1.97993
523000 1.97894
524000 1.97891
525000 1.97979
526000 1.98236
527000 1.98298
528000 1.98275
529000 1.98222
530000 1.9821
531000 1.98225
532000 1.98292
533000 1.98268
534000 1.98317
535000 1.98396
536000 1.98375
537000 1.98291
538000 1.9828
539000 1.98255
540000 1.98523
541000 1.98519
542000 1.98614
543000 1.98559
544000 1.98511
545000 1.98504
546000 1.98429
547000 1.98388
548000 1.98415
549000 1.98416
550000 1.98364
551000 1.98271
552000 1.98312
553000 1.9833
554000 1.98292
555000 1.9825
556000 1.98189
557000 1.98213
558000 1.98187
559000 1.98243
560000 1.98234
561000 1.98237
562000 1.98278
563000 1.98304
564000 1.98315
565000 1.98321
566000 1.98267
567000 1.98315
568000 1.98284
569000 1.98322
570000 1.98287
571000 1.98178
572000 1.98171
573000 1.98285
574000 1.98217
575000 1.98225
576000 1.982
577000 1.98166
578000 1.98133
579000 1.98152
580000 1.98164
581000 1.98135
582000 1.98235
583000 1.9819
584000 1.98151
585000 1.98138
586000 1.98062
587000 1.97996
588000 1.97989
589000 1.97994
590000 1.9798
591000 1.97955
592000 1.97974
593000 1.97871
594000 1.97826
595000 1.97766
596000 1.9772
597000 1.97636
598000 1.97632
599000 1.97589
600000 1.97572
601000 1.97495
602000 1.97493
603000 1.97489
604000 1.97489
605000 1.9755
606000 1.97443
607000 1.97496
608000 1.97469
609000 1.97469
610000 1.97447
611000 1.97424
612000 1.97343
613000 1.97335
614000 1.97295
615000 1.97285
616000 1.97273
617000 1.97248
618000 1.97173
619000 1.97112
620000 1.97101
621000 1.97109
622000 1.97106
623000 1.97179
624000 1.97203
625000 1.9721
626000 1.97241
627000 1.97275
628000 1.97187
629000 1.97195
630000 1.97172
631000 1.97141
632000 1.97104
633000 1.97071
634000 1.97022
635000 1.97028
636000 1.96995
637000 1.97348
638000 1.97299
639000 1.97265
640000 1.97272
641000 1.97219
642000 1.9721
643000 1.97235
644000 1.97392
645000 1.97442
646000 1.97575
647000 1.97555
648000 1.97605
649000 1.9773
650000 1.97728
651000 1.97772
652000 1.97705
653000 1.9774
654000 1.97756
655000 1.97728
656000 1.97688
657000 1.97711
658000 1.97876
659000 1.97836
660000 1.978
661000 1.97802
662000 1.97797
663000 1.97789
664000 1.97816
665000 1.97763
666000 1.97872
667000 1.97856
668000 1.9775
669000 1.97679
670000 1.97707
671000 1.97745
672000 1.97728
673000 1.97741
674000 1.97753
675000 1.97747
676000 1.97697
677000 1.97741
678000 1.9779
679000 1.97787
680000 1.9769
681000 1.97662
682000 1.98097
683000 1.98054
684000 1.98085
685000 1.98133
686000 1.98128
687000 1.98059
688000 1.98057
689000 1.98088
690000 1.9808
691000 1.98099
692000 1.98052
693000 1.98081
694000 1.98096
695000 1.98109
696000 1.98055
697000 1.98072
698000 1.98034
699000 1.98045
700000 1.97975
701000 1.97906
702000 1.97865
703000 1.97896
704000 1.97879
705000 1.97785
706000 1.97698
707000 1.97659
708000 1.97581
709000 1.97701
710000 1.97689
711000 1.9764
712000 1.97722
713000 1.97725
714000 1.9773
715000 1.97846
716000 1.97948
717000 1.97918
718000 1.97944
719000 1.97892
720000 1.97859
721000 1.9789
722000 1.97845
723000 1.97795
724000 1.97847
725000 1.97854
726000 1.97782
727000 1.97812
728000 1.97784
729000 1.97783
730000 1.97735
731000 1.9766
732000 1.97681
733000 1.97754
734000 1.97745
735000 1.97716
736000 1.9768
737000 1.97713
738000 1.97698
739000 1.97633
740000 1.97598
741000 1.97552
742000 1.97568
743000 1.97546
744000 1.97541
745000 1.97496
746000 1.97511
747000 1.97487
748000 1.9768
749000 1.97652
750000 1.97602
751000 1.97604
752000 1.97579
753000 1.97644
754000 1.97645
755000 1.9773
756000 1.97829
757000 1.97812
758000 1.97792
759000 1.97824
760000 1.97779
761000 1.97736
762000 1.97664
763000 1.97626
764000 1.97622
765000 1.97604
766000 1.97617
767000 1.97614
768000 1.97632
769000 1.97634
770000 1.97627
771000 1.97882
772000 1.97839
773000 1.97773
774000 1.97739
775000 1.97694
776000 1.9772
777000 1.97672
778000 1.97655
779000 1.97628
780000 1.97588
781000 1.9761
782000 1.97607
783000 1.97555
784000 1.97546
785000 1.9756
786000 1.97564
787000 1.97567
788000 1.97533
789000 1.97546
790000 1.97571
791000 1.97531
792000 1.97574
793000 1.97609
794000 1.97588
795000 1.97565
796000 1.97512
797000 1.97609
798000 1.97643
799000 1.97611
800000 1.97587
801000 1.97544
802000 1.97535
803000 1.97532
804000 1.97496
805000 1.97481
806000 1.97448
807000 1.97449
808000 1.97453
809000 1.97466
810000 1.9748
811000 1.97459
812000 1.9742
813000 1.97398
814000 1.97459
815000 1.97443
816000 1.97438
817000 1.97381
818000 1.97338
819000 1.9729
820000 1.97221
821000 1.97134
822000 1.97125
823000 1.97084
824000 1.97083
825000 1.9708
826000 1.97056
827000 1.97079
828000 1.97044
829000 1.97045
830000 1.97112
831000 1.97104
832000 1.97081
833000 1.97105
834000 1.97098
835000 1.97067
836000 1.97082
837000 1.97112
838000 1.97101
839000 1.97063
840000 1.97044
841000 1.97012
842000 1.97044
843000 1.97042
844000 1.97086
845000 1.97092
846000 1.97076
847000 1.97216
848000 1.9725
849000 1.97239
850000 1.97239
851000 1.97208
852000 1.97182
853000 1.97152
854000 1.97112
855000 1.97087
856000 1.971
857000 1.97057
858000 1.97064
859000 1.97035
860000 1.97011
861000 1.97093
862000 1.97072
863000 1.97034
864000 1.96987
865000 1.96967
866000 1.97074
867000 1.97023
868000 1.97032
869000 1.97036
870000 1.97108
871000 1.97082
872000 1.97118
873000 1.97055
874000 1.9703
875000 1.96981
876000 1.96984
877000 1.97005
878000 1.96957
879000 1.96924
880000 1.96901
881000 1.96884
882000 1.96848
883000 1.96806
884000 1.96786
885000 1.96752
886000 1.96763
887000 1.9681
888000 1.96835
889000 1.96808
890000 1.96852
891000 1.96875
892000 1.96873
893000 1.96855
894000 1.96851
895000 1.96808
896000 1.96812
897000 1.96787
898000 1.96834
899000 1.96824
900000 1.96837
901000 1.96815
902000 1.96765
903000 1.96814
904000 1.96784
905000 1.96782
906000 1.96789
907000 1.96853
908000 1.96831
909000 1.96841
910000 1.96892
911000 1.96858
912000 1.96824
913000 1.9691
914000 1.96931
915000 1.97001
916000 1.96967
917000 1.96989
918000 1.96954
919000 1.96981
920000 1.96945
921000 1.9693
922000 1.96934
923000 1.96878
924000 1.96867
925000 1.96869
926000 1.9692
927000 1.96958
928000 1.96964
929000 1.96965
930000 1.96963
931000 1.96957
932000 1.96976
933000 1.96979
934000 1.96999
935000 1.97066
936000 1.9708
937000 1.97071
938000 1.9714
939000 1.97113
940000 1.97135
941000 1.97149
942000 1.97163
943000 1.97144
944000 1.97136
945000 1.9708
946000 1.97085
947000 1.9707
948000 1.97114
949000 1.97116
950000 1.97085
951000 1.9704
952000 1.97026
953000 1.97009
954000 1.97004
955000 1.97054
956000 1.97072
957000 1.97068
958000 1.97082
959000 1.97068
960000 1.97021
961000 1.97003
962000 1.97006
963000 1.97044
964000 1.97015
965000 1.97048
966000 1.97052
967000 1.97104
968000 1.97132
969000 1.97143
970000 1.97157
971000 1.97134
972000 1.97097
973000 1.97057
974000 1.97079
975000 1.97036
976000 1.97048
977000 1.97078
978000 1.9706
979000 1.97033
980000 1.96961
981000 1.96935
982000 1.96915
983000 1.96908
984000 1.96895
985000 1.96903
986000 1.96902
987000 1.96848
988000 1.96904
989000 1.96837
990000 1.9681
991000 1.96874
992000 1.96854
993000 1.96918
994000 1.96878
995000 1.96873
996000 1.96925
997000 1.96864
998000 1.96825
999000 1.96853
