-4.217346e+00 1.890502e-03
-4.190898e+00 0.000000e+00
-4.164450e+00 0.000000e+00
-4.138002e+00 0.000000e+00
-4.111554e+00 0.000000e+00
-4.085106e+00 0.000000e+00
-4.058658e+00 0.000000e+00
-4.032210e+00 0.000000e+00
-4.005762e+00 0.000000e+00
-3.979314e+00 0.000000e+00
-3.952866e+00 0.000000e+00
-3.926418e+00 0.000000e+00
-3.899970e+00 0.000000e+00
-3.873522e+00 0.000000e+00
-3.847074e+00 0.000000e+00
-3.820626e+00 0.000000e+00
-3.794178e+00 0.000000e+00
-3.767730e+00 0.000000e+00
-3.741282e+00 0.000000e+00
-3.714834e+00 0.000000e+00
-3.688386e+00 0.000000e+00
-3.661938e+00 0.000000e+00
-3.635490e+00 9.452511e-04
-3.609042e+00 0.000000e+00
-3.582594e+00 0.000000e+00
-3.556146e+00 0.000000e+00
-3.529698e+00 0.000000e+00
-3.503250e+00 9.452511e-04
-3.476802e+00 9.452511e-04
-3.450354e+00 0.000000e+00
-3.423906e+00 0.000000e+00
-3.397458e+00 9.452511e-04
-3.371010e+00 1.890502e-03
-3.344562e+00 1.890502e-03
-3.318114e+00 2.835753e-03
-3.291666e+00 9.452511e-04
-3.265218e+00 1.890502e-03
-3.238770e+00 2.835753e-03
-3.212322e+00 3.781004e-03
-3.185874e+00 4.726255e-03
-3.159426e+00 6.616757e-03
-3.132978e+00 1.890502e-03
-3.106530e+00 3.781004e-03
-3.080082e+00 4.726255e-03
-3.053634e+00 4.726255e-03
-3.027186e+00 3.781004e-03
-3.000738e+00 2.835753e-03
-2.974290e+00 4.726255e-03
-2.947842e+00 5.671506e-03
-2.921394e+00 7.562008e-03
-2.894946e+00 5.671506e-03
-2.868498e+00 6.616757e-03
-2.842050e+00 1.228826e-02
-2.815602e+00 6.616757e-03
-2.789154e+00 6.616757e-03
-2.762706e+00 8.507260e-03
-2.736258e+00 7.562008e-03
-2.709810e+00 1.512402e-02
-2.683362e+00 1.323351e-02
-2.656914e+00 1.228826e-02
-2.630466e+00 1.228826e-02
-2.604018e+00 1.795977e-02
-2.577570e+00 1.134301e-02
-2.551122e+00 6.616757e-03
-2.524674e+00 1.606927e-02
-2.498226e+00 1.417877e-02
-2.471778e+00 1.795977e-02
-2.445330e+00 1.701452e-02
-2.418882e+00 1.985027e-02
-2.392434e+00 1.701452e-02
-2.365986e+00 3.119328e-02
-2.339538e+00 2.741228e-02
-2.313090e+00 2.835753e-02
-2.286642e+00 2.930278e-02
-2.260194e+00 2.174077e-02
-2.233746e+00 3.119328e-02
-2.207298e+00 4.442680e-02
-2.180850e+00 3.402904e-02
-2.154402e+00 4.253630e-02
-2.127954e+00 4.631730e-02
-2.101506e+00 2.835753e-02
-2.075058e+00 5.482456e-02
-2.048610e+00 5.576981e-02
-2.022162e+00 4.442680e-02
-1.995714e+00 4.631730e-02
-1.969266e+00 5.387931e-02
-1.942818e+00 5.293406e-02
-1.916370e+00 5.482456e-02
-1.889922e+00 6.994858e-02
-1.863474e+00 5.860557e-02
-1.837026e+00 6.333182e-02
-1.810578e+00 9.168935e-02
-1.784130e+00 8.129159e-02
-1.757682e+00 9.547036e-02
-1.731234e+00 7.940109e-02
-1.704786e+00 1.115396e-01
-1.678338e+00 8.034634e-02
-1.651890e+00 1.058681e-01
-1.625442e+00 1.238279e-01
-1.598994e+00 1.257184e-01
-1.572546e+00 1.096491e-01
-1.546098e+00 1.105944e-01
-1.519650e+00 1.191016e-01
-1.493202e+00 1.465139e-01
-1.466754e+00 1.493497e-01
-1.440306e+00 1.493497e-01
-1.413858e+00 1.465139e-01
-1.387410e+00 1.408424e-01
-1.360962e+00 1.484044e-01
-1.334514e+00 1.625832e-01
-1.308066e+00 1.380067e-01
-1.281618e+00 1.909407e-01
-1.255170e+00 1.890502e-01
-1.228722e+00 2.032290e-01
-1.202274e+00 1.994480e-01
-1.175826e+00 2.174077e-01
-1.149378e+00 2.013385e-01
-1.122930e+00 2.003932e-01
-1.096482e+00 2.268603e-01
-1.070034e+00 2.230792e-01
-1.043586e+00 2.098457e-01
-1.017138e+00 2.542725e-01
-9.906900e-01 2.571083e-01
-9.642420e-01 2.589988e-01
-9.377940e-01 3.062613e-01
-9.113460e-01 2.448200e-01
-8.848980e-01 2.618345e-01
-8.584500e-01 2.854658e-01
-8.320020e-01 2.788491e-01
-8.055540e-01 2.788491e-01
-7.791060e-01 3.024803e-01
-7.526580e-01 3.090971e-01
-7.262100e-01 3.100423e-01
-6.997620e-01 3.072066e-01
-6.733140e-01 2.996446e-01
-6.468660e-01 3.308379e-01
-6.204180e-01 3.128781e-01
-5.939700e-01 3.223306e-01
-5.675220e-01 3.469071e-01
-5.410740e-01 3.393451e-01
-5.146260e-01 3.374546e-01
-4.881780e-01 3.752647e-01
-4.617300e-01 3.525786e-01
-4.352820e-01 3.591954e-01
-4.088340e-01 3.686479e-01
-3.823860e-01 4.064580e-01
-3.559380e-01 3.686479e-01
-3.294900e-01 3.932244e-01
-3.030420e-01 3.884982e-01
-2.765940e-01 3.799909e-01
-2.501460e-01 4.074032e-01
-2.236980e-01 3.875529e-01
-1.972500e-01 4.178010e-01
-1.708020e-01 3.979507e-01
-1.443540e-01 3.762099e-01
-1.179060e-01 4.149652e-01
-9.145800e-02 3.932244e-01
-6.501000e-02 3.752647e-01
-3.856200e-02 3.686479e-01
-1.211400e-02 3.894434e-01
1.433400e-02 3.837719e-01
4.078200e-02 3.951149e-01
6.723000e-02 3.894434e-01
9.367800e-02 4.083485e-01
1.201260e-01 4.130747e-01
1.465740e-01 3.733742e-01
1.730220e-01 4.092937e-01
1.994700e-01 3.667574e-01
2.259180e-01 3.790457e-01
2.523660e-01 3.658122e-01
2.788140e-01 3.639217e-01
3.052620e-01 3.818814e-01
3.317100e-01 3.393451e-01
3.581580e-01 3.743194e-01
3.846060e-01 3.525786e-01
4.110540e-01 3.658122e-01
4.375020e-01 3.790457e-01
4.639500e-01 3.620312e-01
4.903980e-01 3.894434e-01
5.168460e-01 3.261116e-01
5.432940e-01 3.790457e-01
5.697420e-01 3.440714e-01
5.961900e-01 3.251664e-01
6.226380e-01 3.081518e-01
6.490860e-01 3.412356e-01
6.755340e-01 3.412356e-01
7.019820e-01 3.166591e-01
7.284300e-01 2.949183e-01
7.548780e-01 2.968088e-01
7.813260e-01 2.901921e-01
8.077740e-01 3.015351e-01
8.342220e-01 2.977541e-01
8.606700e-01 2.883016e-01
8.871180e-01 2.561630e-01
9.135660e-01 2.665608e-01
9.400140e-01 2.504915e-01
9.664620e-01 2.703418e-01
9.929100e-01 2.145720e-01
1.019358e+00 2.410390e-01
1.045806e+00 2.438748e-01
1.072254e+00 2.240245e-01
1.098702e+00 2.306413e-01
1.125150e+00 1.918860e-01
1.151598e+00 2.013385e-01
1.178046e+00 1.739262e-01
1.204494e+00 1.890502e-01
1.230942e+00 2.183530e-01
1.257390e+00 1.569117e-01
1.283838e+00 1.767619e-01
1.310286e+00 1.881050e-01
1.336734e+00 1.635284e-01
1.363182e+00 1.370614e-01
1.389630e+00 1.635284e-01
1.416078e+00 1.455687e-01
1.442526e+00 1.238279e-01
1.468974e+00 1.417877e-01
1.495422e+00 1.332804e-01
1.521870e+00 1.153206e-01
1.548318e+00 1.030324e-01
1.574766e+00 1.068134e-01
1.601214e+00 1.143754e-01
1.627662e+00 1.087039e-01
1.654110e+00 9.830611e-02
1.680558e+00 9.452511e-02
1.707006e+00 9.830611e-02
1.733454e+00 7.940109e-02
1.759902e+00 8.696310e-02
1.786350e+00 9.263460e-02
1.812798e+00 7.656534e-02
1.839246e+00 8.129159e-02
1.865694e+00 7.751059e-02
1.892142e+00 5.955082e-02
1.918590e+00 6.522232e-02
1.945038e+00 6.994858e-02
1.971486e+00 5.482456e-02
1.997934e+00 5.671506e-02
2.024382e+00 4.820780e-02
2.050830e+00 5.671506e-02
2.077278e+00 4.820780e-02
2.103726e+00 3.875529e-02
2.130174e+00 4.631730e-02
2.156622e+00 4.159105e-02
2.183070e+00 3.024803e-02
2.209518e+00 3.119328e-02
2.235966e+00 4.631730e-02
2.262414e+00 2.835753e-02
2.288862e+00 2.079552e-02
2.315310e+00 2.174077e-02
2.341758e+00 2.930278e-02
2.368206e+00 2.457653e-02
2.394654e+00 1.795977e-02
2.421102e+00 3.213854e-02
2.447550e+00 1.417877e-02
2.473998e+00 1.890502e-02
2.500446e+00 2.268603e-02
2.526894e+00 1.417877e-02
2.553342e+00 1.606927e-02
2.579790e+00 1.323351e-02
2.606238e+00 1.323351e-02
2.632686e+00 1.512402e-02
2.659134e+00 1.039776e-02
2.685582e+00 8.507260e-03
2.712030e+00 8.507260e-03
2.738478e+00 5.671506e-03
2.764926e+00 5.671506e-03
2.791374e+00 7.562008e-03
2.817822e+00 6.616757e-03
2.844270e+00 8.507260e-03
2.870718e+00 5.671506e-03
2.897166e+00 1.134301e-02
2.923614e+00 5.671506e-03
2.950062e+00 6.616757e-03
2.976510e+00 3.781004e-03
3.002958e+00 3.781004e-03
3.029406e+00 3.781004e-03
3.055854e+00 1.890502e-03
3.082302e+00 4.726255e-03
3.108750e+00 1.890502e-03
3.135198e+00 4.726255e-03
3.161646e+00 2.835753e-03
3.188094e+00 2.835753e-03
3.214542e+00 4.726255e-03
3.240990e+00 3.781004e-03
3.267438e+00 9.452511e-04
3.293886e+00 2.835753e-03
3.320334e+00 9.452511e-04
3.346782e+00 2.835753e-03
3.373230e+00 9.452511e-04
3.399678e+00 2.835753e-03
3.426126e+00 1.890502e-03
3.452574e+00 2.835753e-03
3.479022e+00 2.835753e-03
3.505470e+00 9.452511e-04
3.531918e+00 0.000000e+00
3.558366e+00 9.452511e-04
3.584814e+00 1.890502e-03
3.611262e+00 0.000000e+00
3.637710e+00 0.000000e+00
3.664158e+00 0.000000e+00
3.690606e+00 9.452511e-04
