-2.164559e+00 1.707343e-03
-2.149916e+00 0.000000e+00
-2.135273e+00 0.000000e+00
-2.120631e+00 0.000000e+00
-2.105988e+00 0.000000e+00
-2.091346e+00 0.000000e+00
-2.076703e+00 1.707343e-03
-2.062060e+00 0.000000e+00
-2.047418e+00 0.000000e+00
-2.032775e+00 0.000000e+00
-2.018132e+00 0.000000e+00
-2.003490e+00 0.000000e+00
-1.988847e+00 1.707343e-03
-1.974204e+00 0.000000e+00
-1.959562e+00 0.000000e+00
-1.944919e+00 0.000000e+00
-1.930277e+00 0.000000e+00
-1.915634e+00 0.000000e+00
-1.900991e+00 1.707343e-03
-1.886349e+00 0.000000e+00
-1.871706e+00 0.000000e+00
-1.857063e+00 0.000000e+00
-1.842421e+00 0.000000e+00
-1.827778e+00 3.414686e-03
-1.813135e+00 1.707343e-03
-1.798493e+00 3.414686e-03
-1.783850e+00 0.000000e+00
-1.769208e+00 0.000000e+00
-1.754565e+00 1.707343e-03
-1.739922e+00 1.707343e-03
-1.725280e+00 0.000000e+00
-1.710637e+00 0.000000e+00
-1.695994e+00 5.122030e-03
-1.681352e+00 0.000000e+00
-1.666709e+00 1.707343e-03
-1.652067e+00 0.000000e+00
-1.637424e+00 0.000000e+00
-1.622781e+00 3.414686e-03
-1.608139e+00 3.414686e-03
-1.593496e+00 6.829373e-03
-1.578853e+00 5.122030e-03
-1.564211e+00 3.414686e-03
-1.549568e+00 3.414686e-03
-1.534925e+00 1.707343e-03
-1.520283e+00 1.536609e-02
-1.505640e+00 5.122030e-03
-1.490998e+00 1.024406e-02
-1.476355e+00 6.829373e-03
-1.461712e+00 8.536716e-03
-1.447070e+00 1.365875e-02
-1.432427e+00 1.536609e-02
-1.417784e+00 1.365875e-02
-1.403142e+00 2.219546e-02
-1.388499e+00 1.195140e-02
-1.373856e+00 2.731749e-02
-1.359214e+00 1.707343e-02
-1.344571e+00 2.390280e-02
-1.329929e+00 3.585421e-02
-1.315286e+00 2.390280e-02
-1.300643e+00 1.536609e-02
-1.286001e+00 3.585421e-02
-1.271358e+00 2.561015e-02
-1.256715e+00 3.585421e-02
-1.242073e+00 3.756155e-02
-1.227430e+00 1.707343e-02
-1.212788e+00 4.439092e-02
-1.198145e+00 4.097624e-02
-1.183502e+00 3.926889e-02
-1.168860e+00 5.804967e-02
-1.154217e+00 4.609827e-02
-1.139574e+00 6.487904e-02
-1.124932e+00 5.804967e-02
-1.110289e+00 8.707450e-02
-1.095646e+00 7.683044e-02
-1.081004e+00 8.365982e-02
-1.066361e+00 6.146435e-02
-1.051719e+00 7.512310e-02
-1.037076e+00 7.683044e-02
-1.022433e+00 8.365982e-02
-1.007791e+00 1.178067e-01
-9.931480e-01 1.331728e-01
-9.785054e-01 1.075626e-01
-9.638627e-01 1.331728e-01
-9.492201e-01 1.400021e-01
-9.345775e-01 1.246361e-01
-9.199348e-01 1.212214e-01
-9.052922e-01 1.314654e-01
-8.906496e-01 1.758563e-01
-8.760069e-01 1.502462e-01
-8.613643e-01 2.117106e-01
-8.467217e-01 1.861004e-01
-8.320790e-01 2.048812e-01
-8.174364e-01 2.082959e-01
-8.027938e-01 1.997592e-01
-7.881511e-01 2.595162e-01
-7.735085e-01 2.321987e-01
-7.588659e-01 2.561015e-01
-7.442233e-01 2.646382e-01
-7.295806e-01 2.424427e-01
-7.149380e-01 2.612235e-01
-7.002953e-01 2.919557e-01
-6.856527e-01 2.953704e-01
-6.710101e-01 3.465907e-01
-6.563674e-01 3.465907e-01
-6.417248e-01 3.414686e-01
-6.270822e-01 3.790302e-01
-6.124396e-01 3.943963e-01
-5.977969e-01 3.687861e-01
-5.831543e-01 3.943963e-01
-5.685116e-01 3.670788e-01
-5.538690e-01 4.456166e-01
-5.392264e-01 4.234211e-01
-5.245838e-01 4.831781e-01
-5.099411e-01 5.019589e-01
-4.952985e-01 4.968369e-01
-4.806558e-01 4.968369e-01
-4.660132e-01 5.156176e-01
-4.513706e-01 5.087883e-01
-4.367279e-01 5.668379e-01
-4.220853e-01 5.292764e-01
-4.074427e-01 5.668379e-01
-3.928001e-01 5.856187e-01
-3.781574e-01 5.890334e-01
-3.635148e-01 5.617159e-01
-3.488721e-01 6.914740e-01
-3.342295e-01 6.043995e-01
-3.195869e-01 6.436684e-01
-3.049443e-01 7.017180e-01
-2.903016e-01 7.034254e-01
-2.756590e-01 6.641565e-01
-2.610164e-01 6.556198e-01
-2.463737e-01 7.068401e-01
-2.317311e-01 7.051327e-01
-2.170884e-01 6.931813e-01
-2.024458e-01 7.426943e-01
-1.878032e-01 7.922072e-01
-1.731605e-01 7.512310e-01
-1.585179e-01 7.853779e-01
-1.438753e-01 6.965960e-01
-1.292327e-01 8.348908e-01
-1.145900e-01 8.092807e-01
-9.994738e-02 8.348908e-01
-8.530475e-02 8.331835e-01
-7.066212e-02 8.041586e-01
-5.601948e-02 7.751338e-01
-4.137685e-02 7.307429e-01
-2.673422e-02 8.758670e-01
-1.209158e-02 8.519642e-01
2.551050e-03 7.819632e-01
1.719368e-02 7.785485e-01
3.183632e-02 7.990366e-01
4.647895e-02 7.990366e-01
6.112158e-02 8.485496e-01
7.576422e-02 7.529383e-01
9.040685e-02 7.307429e-01
1.050495e-01 7.956219e-01
1.196921e-01 8.297688e-01
1.343348e-01 7.444016e-01
1.489774e-01 8.007439e-01
1.636200e-01 7.000107e-01
1.782626e-01 6.795226e-01
1.929053e-01 7.512310e-01
2.075479e-01 7.170841e-01
2.221905e-01 6.880593e-01
2.368332e-01 7.444016e-01
2.514758e-01 7.273282e-01
2.661185e-01 7.222062e-01
2.807611e-01 6.658638e-01
2.954037e-01 6.744006e-01
3.100463e-01 6.880593e-01
3.246890e-01 5.292764e-01
3.393316e-01 6.470831e-01
3.539743e-01 6.009848e-01
3.686169e-01 5.941554e-01
3.832595e-01 5.941554e-01
3.979021e-01 5.975701e-01
4.125448e-01 5.343984e-01
4.271874e-01 5.924481e-01
4.418300e-01 5.156176e-01
4.564727e-01 5.378131e-01
4.711153e-01 5.258617e-01
4.857579e-01 4.814708e-01
5.004006e-01 5.019589e-01
5.150432e-01 4.797634e-01
5.296858e-01 4.285431e-01
5.443285e-01 5.104956e-01
5.589711e-01 4.353725e-01
5.736138e-01 4.029330e-01
5.882564e-01 3.961036e-01
6.028990e-01 3.722008e-01
6.175416e-01 4.131770e-01
6.321843e-01 3.995183e-01
6.468269e-01 3.602494e-01
6.614695e-01 3.278099e-01
6.761122e-01 3.004924e-01
6.907548e-01 3.004924e-01
7.053974e-01 2.782969e-01
7.200401e-01 2.680529e-01
7.346827e-01 2.697602e-01
7.493253e-01 2.526868e-01
7.639680e-01 2.595162e-01
7.786106e-01 2.270766e-01
7.932532e-01 1.861004e-01
8.078959e-01 2.270766e-01
8.225385e-01 2.287840e-01
8.371811e-01 2.202473e-01
8.518238e-01 1.878077e-01
8.664664e-01 2.287840e-01
8.811090e-01 1.536609e-01
8.957517e-01 1.639049e-01
9.103943e-01 1.365875e-01
9.250369e-01 1.536609e-01
9.396796e-01 1.212214e-01
9.543222e-01 1.673196e-01
9.689648e-01 1.400021e-01
9.836075e-01 1.041479e-01
9.982501e-01 8.536716e-02
1.012893e+00 1.024406e-01
1.027535e+00 8.365982e-02
1.042178e+00 7.853779e-02
1.056821e+00 1.058553e-01
1.071463e+00 8.024513e-02
1.086106e+00 7.683044e-02
1.100749e+00 6.829373e-02
1.115391e+00 7.170841e-02
1.130034e+00 7.000107e-02
1.144676e+00 5.634232e-02
1.159319e+00 5.292764e-02
1.173962e+00 5.122030e-02
1.188604e+00 3.756155e-02
1.203247e+00 4.268358e-02
1.217890e+00 4.951295e-02
1.232532e+00 5.292764e-02
1.247175e+00 3.243952e-02
1.261818e+00 2.390280e-02
1.276460e+00 3.585421e-02
1.291103e+00 2.390280e-02
1.305745e+00 1.707343e-02
1.320388e+00 2.219546e-02
1.335031e+00 3.073218e-02
1.349673e+00 1.878077e-02
1.364316e+00 1.365875e-02
1.378959e+00 1.878077e-02
1.393601e+00 2.902483e-02
1.408244e+00 1.365875e-02
1.422886e+00 1.365875e-02
1.437529e+00 5.122030e-03
1.452172e+00 1.024406e-02
1.466814e+00 1.195140e-02
1.481457e+00 6.829373e-03
1.496100e+00 1.195140e-02
1.510742e+00 1.707343e-02
1.525385e+00 5.122030e-03
1.540028e+00 3.414686e-03
1.554670e+00 6.829373e-03
1.569313e+00 3.414686e-03
1.583955e+00 6.829373e-03
1.598598e+00 5.122030e-03
1.613241e+00 3.414686e-03
1.627883e+00 1.707343e-03
1.642526e+00 6.829373e-03
1.657169e+00 1.707343e-03
1.671811e+00 1.707343e-03
1.686454e+00 1.707343e-03
1.701097e+00 1.707343e-03
1.715739e+00 3.414686e-03
1.730382e+00 5.122030e-03
1.745024e+00 0.000000e+00
1.759667e+00 3.414686e-03
1.774310e+00 3.414686e-03
1.788952e+00 1.707343e-03
1.803595e+00 3.414686e-03
1.818238e+00 0.000000e+00
1.832880e+00 0.000000e+00
1.847523e+00 1.707343e-03
1.862165e+00 0.000000e+00
1.876808e+00 3.414686e-03
1.891451e+00 0.000000e+00
1.906093e+00 0.000000e+00
1.920736e+00 0.000000e+00
1.935379e+00 1.707343e-03
1.950021e+00 0.000000e+00
1.964664e+00 0.000000e+00
1.979307e+00 0.000000e+00
1.993949e+00 0.000000e+00
2.008592e+00 1.707343e-03
2.023234e+00 0.000000e+00
2.037877e+00 0.000000e+00
2.052520e+00 1.707343e-03
2.067162e+00 0.000000e+00
2.081805e+00 0.000000e+00
2.096448e+00 0.000000e+00
2.111090e+00 0.000000e+00
2.125733e+00 0.000000e+00
2.140376e+00 0.000000e+00
2.155018e+00 0.000000e+00
2.169661e+00 0.000000e+00
2.184303e+00 0.000000e+00
2.198946e+00 0.000000e+00
2.213589e+00 1.707343e-03
