0 1.35218
0.05 1.35051
0.1 1.34631
0.15 1.33959
0.2 1.33038
0.25 1.31869
0.3 1.30456
0.35 1.288
0.4 1.26907
0.45 1.24781
0.5 1.22427
0.55 1.19851
0.6 1.17058
0.65 1.14055
0.7 1.10849
0.75 1.07447
0.8 1.03857
0.85 1.00088
0.9 0.961482
0.95 0.920463
1 0.877919
1.05 0.833946
1.1 0.788642
1.15 0.74211
1.2 0.694454
1.25 0.64578
1.3 0.596198
1.35 0.545817
1.4 0.494749
1.45 0.443107
1.5 0.391004
1.55 0.338555
1.6 0.285875
1.65 0.233078
1.7 0.180279
1.75 0.127594
1.8 0.075136
1.85 0.0230202
1.9 -0.0286412
1.95 -0.0797364
2 -0.130155
2.05 -0.179789
2.1 -0.228531
2.15 -0.276277
2.2 -0.322924
2.25 -0.368372
2.3 -0.412524
2.35 -0.455286
2.4 -0.496565
2.45 -0.536274
2.5 -0.574328
2.55 -0.610646
2.6 -0.64515
2.65 -0.677771
2.7 -0.708439
2.75 -0.737092
2.8 -0.763669
2.85 -0.788115
2.9 -0.81038
2.95 -0.830416
3 -0.848185
3.05 -0.86365
3.1 -0.876781
3.15 -0.887555
3.2 -0.89595
3.25 -0.901952
3.3 -0.905549
3.35 -0.906736
3.4 -0.905513
3.45 -0.901882
3.5 -0.895855
3.55 -0.887444
3.6 -0.876669
3.65 -0.863555
3.7 -0.848131
3.75 -0.83043
3.8 -0.810492
3.85 -0.788358
3.9 -0.764078
3.95 -0.737701
4 -0.709283
4.05 -0.678882
4.1 -0.646563
4.15 -0.612394
4.2 -0.576447
4.25 -0.538798
4.3 -0.499528
4.35 -0.458718
4.4 -0.416453
4.45 -0.372822
4.5 -0.327915
4.55 -0.281826
4.6 -0.234652
4.65 -0.186493
4.7 -0.137452
4.75 -0.0876328
4.8 -0.0371409
4.85 0.0139159
4.9 0.0654286
4.95 0.117287
5 0.169379
5.05 0.221593
5.1 0.273816
5.15 0.325935
5.2 0.377837
5.25 0.429408
5.3 0.480534
5.35 0.531103
5.4 0.581003
5.45 0.630122
5.5 0.678353
5.55 0.725588
5.6 0.771721
5.65 0.816651
5.7 0.860274
5.75 0.902493
5.8 0.943211
5.85 0.982336
5.9 1.01978
5.95 1.05545
6 1.08928
6.05 1.12118
6.1 1.15109
6.15 1.17892
6.2 1.20462
6.25 1.22813
6.3 1.2494
6.35 1.26837
6.4 1.285
6.45 1.29925
6.5 1.3111
6.55 1.32051
6.6 1.32747
6.65 1.33195
6.7 1.33395
6.75 1.33347
6.8 1.3305
6.85 1.32506
6.9 1.31716
6.95 1.30682
7 1.29406
7.05 1.27891
7.1 1.26142
7.15 1.24162
7.2 1.21957
7.25 1.1953
7.3 1.16888
7.35 1.14038
7.4 1.10985
7.45 1.07738
7.5 1.04303
7.55 1.00688
7.6 0.969023
7.65 0.929539
7.7 0.888521
7.75 0.84606
7.8 0.802254
7.85 0.757203
7.9 0.711007
7.95 0.663772
8 0.615603
8.05 0.566607
8.1 0.516896
8.15 0.466578
8.2 0.415765
8.25 0.364571
8.3 0.313108
8.35 0.26149
8.4 0.209831
8.45 0.158243
8.5 0.106841
8.55 0.0557351
8.6 0.00503775
8.65 -0.045141
8.7 -0.0946921
8.75 -0.143508
8.8 -0.191484
8.85 -0.238516
8.9 -0.284503
8.95 -0.329346
9 -0.37295
9.05 -0.41522
9.1 -0.456066
9.15 -0.495404
9.2 -0.53315
9.25 -0.569225
9.3 -0.603556
9.35 -0.636071
9.4 -0.666703
9.45 -0.695388
9.5 -0.722068
9.55 -0.746689
9.6 -0.769201
9.65 -0.789562
9.7 -0.807732
9.75 -0.823676
9.8 -0.837364
9.85 -0.848771
9.9 -0.857875
9.95 -0.86466
10 -0.869114
10.05 -0.871231
10.1 -0.87101
10.15 -0.868454
10.2 -0.863573
10.25 -0.856378
10.3 -0.846889
10.35 -0.835128
10.4 -0.821124
10.45 -0.804908
10.5 -0.786516
10.55 -0.765991
10.6 -0.743375
10.65 -0.71872
10.7 -0.69208
10.75 -0.663512
10.8 -0.633081
10.85 -0.600853
10.9 -0.566897
10.95 -0.531288
11 -0.494099
11.05 -0.455409
11.1 -0.415301
11.15 -0.373859
11.2 -0.331172
11.25 -0.287331
11.3 -0.242428
11.35 -0.19656
11.4 -0.149822
11.45 -0.102314
11.5 -0.0541367
11.55 -0.00539177
11.6 0.043817
11.65 0.093385
11.7 0.143206
11.75 0.193175
11.8 0.243182
11.85 0.293122
11.9 0.342885
11.95 0.392363
12 0.441448
12.05 0.490034
12.1 0.538014
12.15 0.585285
12.2 0.631743
12.25 0.677285
12.3 0.72181
12.35 0.76522
12.4 0.807418
12.45 0.84831
12.5 0.887806
12.55 0.925817
12.6 0.962259
12.65 0.99705
12.7 1.03011
12.75 1.06137
12.8 1.09076
12.85 1.11821
12.9 1.14366
12.95 1.16705
13 1.18834
13.05 1.20746
13.1 1.22439
13.15 1.23908
13.2 1.25149
13.25 1.26161
13.3 1.26942
13.35 1.27488
13.4 1.278
13.45 1.27877
13.5 1.27718
13.55 1.27325
13.6 1.26697
13.65 1.25838
13.7 1.24748
13.75 1.23432
13.8 1.21891
13.85 1.20129
13.9 1.18152
13.95 1.15963
14 1.13567
14.05 1.10971
14.1 1.0818
14.15 1.05201
14.2 1.02041
14.25 0.987078
14.3 0.952081
14.35 0.915505
14.4 0.877435
14.45 0.837957
14.5 0.797162
14.55 0.755143
14.6 0.711996
14.65 0.667819
14.7 0.622711
14.75 0.576775
14.8 0.530113
14.85 0.482832
14.9 0.435037
14.95 0.386835
15 0.338333
15.05 0.28964
15.1 0.240862
15.15 0.192108
15.2 0.143486
15.25 0.0951017
15.3 0.0470625
15.35 -0.000526867
15.4 -0.0475628
15.45 -0.0939433
15.5 -0.139568
15.55 -0.184338
15.6 -0.228159
15.65 -0.270935
15.7 -0.312576
15.75 -0.352994
15.8 -0.392105
15.85 -0.429827
15.9 -0.466081
15.95 -0.500793
16 -0.53389
16.05 -0.565305
16.1 -0.594974
16.15 -0.622836
16.2 -0.648838
16.25 -0.672927
16.3 -0.695057
16.35 -0.715186
16.4 -0.733275
16.45 -0.749289
16.5 -0.763198
16.55 -0.774977
16.6 -0.784603
16.65 -0.792062
16.7 -0.797342
16.75 -0.800436
16.8 -0.801342
16.85 -0.800061
16.9 -0.796599
16.95 -0.79097
17 -0.783187
17.05 -0.77327
17.1 -0.761245
17.15 -0.747138
17.2 -0.730984
17.25 -0.712819
17.3 -0.692686
17.35 -0.670631
17.4 -0.646704
17.45 -0.620961
17.5 -0.593459
17.55 -0.564258
17.6 -0.533422
17.65 -0.501019
17.7 -0.467119
17.75 -0.431797
17.8 -0.395131
17.85 -0.357201
17.9 -0.318089
17.95 -0.27788
18 -0.236661
18.05 -0.194519
18.1 -0.151545
18.15 -0.107831
18.2 -0.0634696
18.25 -0.0185559
18.3 0.0268145
18.35 0.0725449
18.4 0.118537
18.45 0.164694
18.5 0.210915
18.55 0.257102
18.6 0.303155
18.65 0.348976
18.7 0.394468
18.75 0.439532
18.8 0.484073
18.85 0.527995
18.9 0.571201
18.95 0.613599
19 0.655096
19.05 0.695602
19.1 0.735029
19.15 0.773292
19.2 0.810309
19.25 0.845999
19.3 0.880285
19.35 0.91309
19.4 0.944345
19.45 0.973981
19.5 1.00193
19.55 1.02814
19.6 1.05255
19.65 1.0751
19.7 1.09574
19.75 1.11444
19.8 1.13115
19.85 1.14584
19.9 1.15846
19.95 1.16901
20 1.17744
20.05 1.18376
20.1 1.18793
20.15 1.18996
20.2 1.18985
20.25 1.18758
20.3 1.18318
20.35 1.17665
20.4 1.16802
20.45 1.15729
20.5 1.1445
20.55 1.12968
20.6 1.11286
20.65 1.09409
20.7 1.07341
20.75 1.05086
20.8 1.02651
20.85 1.00041
20.9 0.972622
20.95 0.943208
21 0.912239
21.05 0.879787
21.1 0.845929
21.15 0.810741
21.2 0.774306
21.25 0.736707
21.3 0.698032
21.35 0.658368
21.4 0.617807
21.45 0.576442
21.5 0.534366
21.55 0.491674
21.6 0.448463
21.65 0.40483
21.7 0.360873
21.75 0.31669
21.8 0.27238
21.85 0.228041
21.9 0.183772
21.95 0.13967
22 0.0958315
22.05 0.0523525
22.1 0.00932732
22.15 -0.033151
22.2 -0.0749909
22.25 -0.116103
22.3 -0.156399
22.35 -0.195794
22.4 -0.234205
22.45 -0.271552
22.5 -0.307757
22.55 -0.342744
22.6 -0.376441
22.65 -0.408778
22.7 -0.43969
22.75 -0.469113
22.8 -0.49699
22.85 -0.523264
22.9 -0.547885
22.95 -0.570803
23 -0.591973
23.05 -0.611354
23.1 -0.628909
23.15 -0.644605
23.2 -0.658413
23.25 -0.670309
23.3 -0.680273
23.35 -0.688288
23.4 -0.694342
23.45 -0.698428
23.5 -0.70054
23.55 -0.700681
23.6 -0.698853
23.65 -0.695065
23.7 -0.68933
23.75 -0.681663
23.8 -0.672085
23.85 -0.66062
23.9 -0.647298
23.95 -0.632151
24 -0.615215
24.05 -0.596532
24.1 -0.576144
24.15 -0.554096
24.2 -0.530439
24.25 -0.505226
24.3 -0.478514
24.35 -0.450364
24.4 -0.420839
24.45 -0.390007
24.5 -0.357936
24.55 -0.324698
24.6 -0.290366
24.65 -0.255016
24.7 -0.218725
24.75 -0.181573
24.8 -0.143641
24.85 -0.105013
24.9 -0.0657716
24.95 -0.0260031
25 0.0142065
25.05 0.0547703
25.1 0.0956005
25.15 0.136609
25.2 0.17771
25.25 0.218814
25.3 0.259835
25.35 0.300687
25.4 0.341283
25.45 0.381536
25.5 0.421362
25.55 0.460675
25.6 0.499393
25.65 0.537432
25.7 0.574715
25.75 0.611163
25.8 0.646698
25.85 0.681248
25.9 0.714737
25.95 0.747097
26 0.778258
26.05 0.808154
26.1 0.836723
26.15 0.863903
26.2 0.889638
26.25 0.913872
26.3 0.936555
26.35 0.957639
26.4 0.97708
26.45 0.994836
26.5 1.01087
26.55 1.02515
26.6 1.03764
26.65 1.04833
26.7 1.05717
26.75 1.06417
26.8 1.0693
26.85 1.07256
26.9 1.07394
26.95 1.07343
27 1.07105
27.05 1.0668
27.1 1.06069
27.15 1.05274
27.2 1.04297
27.25 1.03139
27.3 1.01805
27.35 1.00297
27.4 0.986191
27.45 0.967752
27.5 0.947697
27.55 0.926075
27.6 0.902937
27.65 0.878337
27.7 0.852335
27.75 0.824992
27.8 0.796372
27.85 0.766542
27.9 0.735572
27.95 0.703535
28 0.670505
28.05 0.636559
28.1 0.601775
28.15 0.566232
28.2 0.530012
28.25 0.493198
28.3 0.455872
28.35 0.41812
28.4 0.380026
28.45 0.341676
28.5 0.303156
28.55 0.26455
28.6 0.225944
28.65 0.187421
28.7 0.149066
28.75 0.110962
28.8 0.0731907
28.85 0.0358338
28.9 -0.00102892
28.95 -0.0373193
29 -0.0729607
29.05 -0.107878
29.1 -0.141998
29.15 -0.175249
29.2 -0.207562
29.25 -0.23887
29.3 -0.269109
29.35 -0.298218
29.4 -0.326136
29.45 -0.352809
29.5 -0.378181
29.55 -0.402203
29.6 -0.424827
29.65 -0.446006
29.7 -0.465701
29.75 -0.483872
29.8 -0.500487
29.85 -0.515514
29.9 -0.528927
29.95 -0.5407
