0 0.620401
0.05 0.619292
0.1 0.615729
0.15 0.609723
0.2 0.601299
0.25 0.590498
0.3 0.57737
0.35 0.561985
0.4 0.544419
0.45 0.524763
0.5 0.503111
0.55 0.479568
0.6 0.454245
0.65 0.427258
0.7 0.398735
0.75 0.368806
0.8 0.33761
0.85 0.305287
0.9 0.271983
0.95 0.237845
1 0.203019
1.05 0.167655
1.1 0.131903
1.15 0.0959139
1.2 0.0598361
1.25 0.0238187
1.3 -0.0119912
1.35 -0.0474478
1.4 -0.0824075
1.45 -0.116729
1.5 -0.150276
1.55 -0.182915
1.6 -0.214518
1.65 -0.244963
1.7 -0.27413
1.75 -0.301906
1.8 -0.328182
1.85 -0.352857
1.9 -0.37584
1.95 -0.397048
2 -0.416406
2.05 -0.433848
2.1 -0.449317
2.15 -0.462765
2.2 -0.474154
2.25 -0.483459
2.3 -0.490666
2.35 -0.495777
2.4 -0.498802
2.45 -0.499765
2.5 -0.498698
2.55 -0.495644
2.6 -0.490654
2.65 -0.483786
2.7 -0.475104
2.75 -0.464681
2.8 -0.452595
2.85 -0.438931
2.9 -0.423781
2.95 -0.407241
3 -0.389414
3.05 -0.370404
3.1 -0.350318
3.15 -0.329265
3.2 -0.307357
3.25 -0.284705
3.3 -0.26142
3.35 -0.237613
3.4 -0.213397
3.45 -0.188883
3.5 -0.164181
3.55 -0.139402
3.6 -0.114653
3.65 -0.0900397
3.7 -0.0656658
3.75 -0.0416335
3.8 -0.0180439
3.85 0.0050048
3.9 0.0274189
3.95 0.049111
4 0.0700009
4.05 0.0900153
4.1 0.109086
4.15 0.12715
4.2 0.144148
4.25 0.160027
4.3 0.174742
4.35 0.188256
4.4 0.200543
4.45 0.211581
4.5 0.22136
4.55 0.229871
4.6 0.237115
4.65 0.243098
4.7 0.247833
4.75 0.251339
4.8 0.253639
4.85 0.254762
4.9 0.254741
4.95 0.253616
5 0.251429
5.05 0.248231
5.1 0.244071
5.15 0.239003
5.2 0.233081
5.25 0.226361
5.3 0.218902
5.35 0.210763
5.4 0.20201
5.45 0.192707
5.5 0.182917
5.55 0.172704
5.6 0.16213
5.65 0.151258
5.7 0.140151
5.75 0.128872
5.8 0.117486
5.85 0.106055
5.9 0.0946401
5.95 0.0832955
6 0.0720732
6.05 0.0610217
6.1 0.0501871
6.15 0.0396136
6.2 0.0293429
6.25 0.0194137
6.3 0.00986052
6.35 0.000714378
6.4 -0.00799747
6.45 -0.0162512
6.5 -0.0240267
6.55 -0.0313073
6.6 -0.0380803
6.65 -0.0443359
6.7 -0.0500666
6.75 -0.055266
6.8 -0.0599283
6.85 -0.0640495
6.9 -0.0676277
6.95 -0.0706651
7 -0.0731675
7.05 -0.0751448
7.1 -0.0766092
7.15 -0.0775752
7.2 -0.0780589
7.25 -0.0780794
7.3 -0.0776585
7.35 -0.076821
7.4 -0.0755938
7.45 -0.0740053
7.5 -0.0720849
7.55 -0.0698627
7.6 -0.0673699
7.65 -0.064639
7.7 -0.0617029
7.75 -0.0585946
7.8 -0.0553464
7.85 -0.051989
7.9 -0.0485519
7.95 -0.045063
8 -0.0415485
8.05 -0.0380319
8.1 -0.0345339
8.15 -0.031072
8.2 -0.0276616
8.25 -0.0243166
8.3 -0.0210505
8.35 -0.0178764
8.4 -0.0148068
8.45 -0.0118528
8.5 -0.00902388
8.55 -0.00632779
8.6 -0.00377084
8.65 -0.00135834
8.7 0.000904971
8.75 0.00301449
8.8 0.00496542
8.85 0.00675282
8.9 0.00837195
8.95 0.0098191
9 0.0110922
9.05 0.0121907
9.1 0.0131155
9.15 0.0138673
9.2 0.0144474
9.25 0.0148572
9.3 0.0150999
9.35 0.0151811
9.4 0.0151093
9.45 0.014895
9.5 0.01455
9.55 0.0140862
9.6 0.0135153
9.65 0.0128482
9.7 0.0120957
9.75 0.0112687
9.8 0.0103791
9.85 0.0094404
9.9 0.0084669
9.95 0.00747343
10 0.00647371
10.05 0.00547906
10.1 0.0044976
10.15 0.00353447
10.2 0.00259312
10.25 0.00167699
10.3 0.000790814
10.35 -5.92207e-05
10.4 -0.000866402
10.45 -0.00162496
10.5 -0.00233128
10.55 -0.00298426
10.6 -0.00358477
10.65 -0.00413453
10.7 -0.00463482
10.75 -0.00508554
10.8 -0.00548498
10.85 -0.00583025
10.9 -0.00611822
10.95 -0.00634648
11 -0.00651373
11.05 -0.00661969
11.1 -0.00666463
11.15 -0.00664891
11.2 -0.00657269
11.25 -0.00643606
11.3 -0.00623948
11.35 -0.00598459
11.4 -0.00567505
11.45 -0.00531702
11.5 -0.00491888
11.55 -0.0044901
11.6 -0.00403991
11.65 -0.00357616
11.7 -0.00310504
11.75 -0.00263142
11.8 -0.00215945
11.85 -0.00169298
11.9 -0.0012356
11.95 -0.000790587
12 -0.00036078
12.05 5.14817e-05
12.1 0.000444501
12.15 0.000817426
12.2 0.00117041
12.25 0.00150456
12.3 0.00182153
12.35 0.0021229
12.4 0.00240946
12.45 0.00268067
12.5 0.00293464
12.55 0.00316872
12.6 0.00338036
12.65 0.00356791
12.7 0.00373083
12.75 0.00386918
12.8 0.00398275
12.85 0.00407036
12.9 0.00412969
12.95 0.00415772
13 0.0041514
13.05 0.00410847
13.1 0.00402787
13.15 0.00390994
13.2 0.00375632
13.25 0.00356963
13.3 0.00335329
13.35 0.00311139
13.4 0.00284888
13.45 0.00257168
13.5 0.00228659
13.55 0.0020007
13.6 0.00172048
13.65 0.00145105
13.7 0.00119578
13.75 0.000956515
13.8 0.00073403
13.85 0.000528496
13.9 0.000339904
13.95 0.000168395
14 1.44565e-05
14.05 -0.000121071
14.1 -0.00023726
14.15 -0.000333602
14.2 -0.000410558
14.25 -0.000469782
14.3 -0.000513789
14.35 -0.000545152
14.4 -0.000565689
14.45 -0.000576127
14.5 -0.000576444
14.55 -0.000566698
14.6 -0.000547814
14.65 -0.000521822
14.7 -0.00049131
14.75 -0.000458364
14.8 -0.000423676
14.85 -0.000386371
14.9 -0.000344661
14.95 -0.000296911
15 -0.000242556
15.05 -0.00018244
15.1 -0.000118496
15.15 -5.29669e-05
15.2 1.25168e-05
15.25 7.76557e-05
15.3 0.000143691
15.35 0.000212878
15.4 0.00028732
15.45 0.000367663
15.5 0.00045236
15.55 0.000537939
15.6 0.000620159
15.65 0.000695379
15.7 0.000761443
15.75 0.000817662
15.8 0.000864021
15.85 0.000900065
15.9 0.00092402
15.95 0.000932506
16 0.000920902
16.05 0.000884224
16.1 0.000818239
16.15 0.000720499
16.2 0.000590937
16.25 0.000431817
16.3 0.000247044
16.35 4.11946e-05
16.4 -0.000181225
16.45 -0.000415933
16.5 -0.00065849
16.55 -0.000903831
16.6 -0.00114617
16.65 -0.00137946
16.7 -0.00159806
16.75 -0.00179741
16.8 -0.00197445
16.85 -0.00212782
16.9 -0.00225764
16.95 -0.00236494
17 -0.00245083
17.05 -0.00251584
17.1 -0.00255969
17.15 -0.00258156
17.2 -0.00258063
17.25 -0.00255661
17.3 -0.00251016
17.35 -0.00244318
17.4 -0.00235869
17.45 -0.00226032
17.5 -0.00215146
17.55 -0.00203439
17.6 -0.00190978
17.65 -0.00177681
17.7 -0.00163391
17.75 -0.00147949
17.8 -0.00131254
17.85 -0.00113292
17.9 -0.000941401
17.95 -0.00073966
18 -0.000530081
18.05 -0.00031536
18.1 -9.79609e-05
18.15 0.00012028
18.2 0.000338144
18.25 0.000554461
18.3 0.000767243
18.35 0.000973075
18.4 0.0011673
18.45 0.0013451
18.5 0.00150304
18.55 0.00164022
18.6 0.00175841
18.65 0.001861
18.7 0.00195134
18.75 0.00203145
18.8 0.00210189
18.85 0.00216263
18.9 0.00221422
18.95 0.00225809
19 0.00229595
19.05 0.00232845
19.1 0.00235423
19.15 0.00236966
19.2 0.00236959
19.25 0.00234843
19.3 0.002301
19.35 0.00222287
19.4 0.0021105
19.45 0.00196151
19.5 0.00177528
19.55 0.00155353
19.6 0.00130025
19.65 0.0010208
19.7 0.000720599
19.75 0.000403976
19.8 7.3979e-05
19.85 -0.000266953
19.9 -0.000615852
19.95 -0.000968324
20 -0.00131843
20.05 -0.00165935
20.1 -0.00198456
20.15 -0.00228878
20.2 -0.00256843
20.25 -0.00282131
20.3 -0.00304587
20.35 -0.00324073
20.4 -0.00340484
20.45 -0.00353801
20.5 -0.00364133
20.55 -0.00371702
20.6 -0.00376756
20.65 -0.00379495
20.7 -0.00380035
20.75 -0.00378462
20.8 -0.00374895
20.85 -0.0036951
20.9 -0.00362482
20.95 -0.00353869
21 -0.00343525
21.05 -0.00331106
21.1 -0.00316186
21.15 -0.00298438
21.2 -0.00277768
21.25 -0.00254327
21.3 -0.0022839
21.35 -0.00200194
21.4 -0.00169835
21.45 -0.00137302
21.5 -0.00102597
21.55 -0.000658465
21.6 -0.00027322
21.65 0.000126079
21.7 0.000535432
21.75 0.000950707
21.8 0.00136741
21.85 0.00178058
21.9 0.00218523
21.95 0.00257716
22 0.00295366
22.05 0.00331324
22.1 0.00365468
22.15 0.00397566
22.2 0.00427231
22.25 0.00453996
22.3 0.00477486
22.35 0.00497586
22.4 0.00514499
22.45 0.00528662
22.5 0.00540588
22.55 0.00550696
22.6 0.00559213
22.65 0.00566152
22.7 0.00571358
22.75 0.00574593
22.8 0.00575636
22.85 0.00574366
22.9 0.005708
22.95 0.00565052
23 0.00557243
23.05 0.00547403
23.1 0.00535431
23.15 0.00521117
23.2 0.00504215
23.25 0.00484508
23.3 0.00461853
23.35 0.00436207
23.4 0.00407639
23.45 0.00376346
23.5 0.00342648
23.55 0.00306935
23.6 0.0026959
23.65 0.00230907
23.7 0.00191083
23.75 0.00150285
23.8 0.00108768
23.85 0.000669431
23.9 0.000253714
23.95 -0.000153541
24 -0.000547563
24.05 -0.000925797
24.1 -0.00128802
24.15 -0.00163558
24.2 -0.00197029
24.25 -0.00229346
24.3 -0.00260537
24.35 -0.00290513
24.4 -0.00319097
24.45 -0.00346083
24.5 -0.00371324
24.55 -0.00394816
24.6 -0.00416723
24.65 -0.00437317
24.7 -0.00456839
24.75 -0.00475339
24.8 -0.00492577
24.85 -0.0050805
24.9 -0.00521124
24.95 -0.00531213
25 -0.0053793
25.05 -0.00541137
25.1 -0.00540924
25.15 -0.00537528
25.2 -0.00531257
25.25 -0.00522433
25.3 -0.00511339
25.35 -0.00498203
25.4 -0.00483204
25.45 -0.00466543
25.5 -0.00448541
25.55 -0.0042971
25.6 -0.00410718
25.65 -0.00392243
25.7 -0.00374784
25.75 -0.00358536
25.8 -0.00343392
25.85 -0.00329065
25.9 -0.00315234
25.95 -0.00301626
26 -0.00288008
26.05 -0.00274102
26.1 -0.00259527
26.15 -0.00243789
26.2 -0.00226349
26.25 -0.00206706
26.3 -0.00184454
26.35 -0.00159318
26.4 -0.00131168
26.45 -0.00100047
26.5 -0.0006619
26.55 -0.00030022
26.6 7.88405e-05
26.65 0.000468805
26.7 0.000863052
26.75 0.00125499
26.8 0.00163781
26.85 0.00200422
26.9 0.00234642
26.95 0.00265667
27 0.00292818
27.05 0.00315602
27.1 0.00333783
27.15 0.00347409
27.2 0.00356789
27.25 0.00362453
27.3 0.00365068
27.35 0.00365342
27.4 0.00363928
27.45 0.00361361
27.5 0.00358054
27.55 0.00354334
27.6 0.0035049
27.65 0.00346769
27.7 0.00343326
27.75 0.00340181
27.8 0.00337222
27.85 0.00334276
27.9 0.00331163
27.95 0.00327704
28 0.00323663
28.05 0.00318678
28.1 0.00312253
28.15 0.00303822
28.2 0.00292865
28.25 0.00278996
28.3 0.00261998
28.35 0.00241817
28.4 0.00218539
28.45 0.00192394
28.5 0.00163749
28.55 0.00133083
28.6 0.00100918
28.65 0.000677428
28.7 0.000339711
28.75 -4.16605e-07
28.8 -0.000339494
28.85 -0.000673753
28.9 -0.00099927
28.95 -0.00131262
29 -0.00161159
29.05 -0.00189532
29.1 -0.00216393
29.15 -0.00241779
29.2 -0.00265723
29.25 -0.00288261
29.3 -0.00309487
29.35 -0.00329587
29.4 -0.00348815
29.45 -0.00367404
29.5 -0.0038545
29.55 -0.00402837
29.6 -0.00419248
29.65 -0.00434236
29.7 -0.00447324
29.75 -0.00458059
29.8 -0.00466037
29.85 -0.00470877
29.9 -0.00472212
29.95 -0.00469698
