0 0.531393 0.883788 
0.1 0.575461 0.911446 
0.2 0.530566 0.862403 
0.3 0.468818 0.879369 
0.4 0.479023 0.856463 
0.5 0.484257 0.80327 
0.6 0.510324 0.802448 
0.7 0.546068 0.821848 
0.8 0.529725 0.807805 
0.9 0.506733 0.829061 
1 0.475749 0.837265 
1.1 0.455839 0.818424 
1.2 0.503345 0.833088 
1.3 0.490124 0.806647 
1.4 0.494922 0.824358 
1.5 0.522389 0.820051 
1.6 0.523037 0.823568 
1.7 0.494039 0.741903 
1.8 0.514148 0.769191 
1.9 0.48256 0.736578 
2 0.462193 0.754635 
2.1 0.507744 0.809279 
2.2 0.485479 0.796409 
2.3 0.511323 0.820793 
2.4 0.502628 0.807583 
2.5 0.510571 0.802898 
2.6 0.51806 0.787576 
2.7 0.522132 0.802804 
2.8 0.45723 0.801237 
2.9 0.506295 0.770251 
3 0.497879 0.746318 
3.1 0.491105 0.746262 
3.2 0.511211 0.721444 
3.3 0.513829 0.743473 
3.4 0.564231 0.706986 
3.5 0.536649 0.736072 
3.6 0.505472 0.767094 
3.7 0.535296 0.696729 
3.8 0.475337 0.655817 
3.9 0.457423 0.724853 
4 0.421166 0.704155 
4.1 0.43017 0.726807 
4.2 0.45691 0.730401 
4.3 0.448829 0.73313 
4.4 0.420155 0.744598 
4.5 0.439319 0.742847 
4.6 0.457977 0.781635 
4.7 0.448611 0.762486 
4.8 0.500444 0.76282 
4.9 0.490947 0.754002 
5 0.452231 0.781876 
5.1 0.436649 0.80131 
5.2 0.376654 0.732541 
5.3 0.405753 0.731432 
5.4 0.386642 0.734806 
5.5 0.373991 0.740563 
5.6 0.370932 0.790594 
5.7 0.449818 0.785793 
5.8 0.408917 0.775279 
5.9 0.42187 0.744047 
6 0.401877 0.759179 
6.1 0.421418 0.740122 
6.2 0.467181 0.738085 
6.3 0.451919 0.784598 
6.4 0.475487 0.812693 
6.5 0.447159 0.785925 
6.6 0.406469 0.79551 
6.7 0.434526 0.824923 
6.8 0.455151 0.80824 
6.9 0.443282 0.770443 
7 0.413988 0.760903 
7.1 0.402694 0.763069 
7.2 0.457785 0.762657 
7.3 0.412707 0.757706 
7.4 0.452409 0.744628 
7.5 0.509923 0.772538 
7.6 0.509689 0.767621 
7.7 0.499133 0.74513 
7.8 0.506273 0.791831 
7.9 0.475104 0.782254 
8 0.481562 0.762787 
8.1 0.527143 0.746271 
8.2 0.460995 0.707748 
8.3 0.473672 0.722533 
8.4 0.456088 0.762668 
8.5 0.452745 0.736546 
8.6 0.441785 0.79005 
8.7 0.408226 0.828073 
8.8 0.401249 0.801291 
8.9 0.421645 0.797622 
9 0.430857 0.79245 
9.1 0.496901 0.765206 
9.2 0.459999 0.801314 
9.3 0.492664 0.751458 
9.4 0.479587 0.792028 
9.5 0.485846 0.766823 
9.6 0.487491 0.767779 
9.7 0.464709 0.7696 
9.8 0.461299 0.741582 
9.9 0.471424 0.718059 
