0 0.984236
0.1 1.03568
0.2 1.08143
0.3 1.1189
0.4 1.14665
0.5 1.1638
0.6 1.17079
0.7 1.16889
0.8 1.16026
0.9 1.14486
1 1.12462
1.1 1.09952
1.2 1.06798
1.3 1.02937
1.4 0.984842
1.5 0.933198
1.6 0.875032
1.7 0.808829
1.8 0.735686
1.9 0.654828
2 0.569117
2.1 0.48176
2.2 0.39151
2.3 0.299797
2.4 0.208891
2.5 0.116512
2.6 0.0239191
2.7 -0.0687376
2.8 -0.161244
2.9 -0.252076
3 -0.340886
3.1 -0.428419
3.2 -0.512001
3.3 -0.592255
3.4 -0.667955
3.5 -0.737891
3.6 -0.802438
3.7 -0.85909
3.8 -0.906989
3.9 -0.94829
4 -0.984797
4.1 -1.0145
4.2 -1.03649
4.3 -1.04821
4.4 -1.05265
4.5 -1.04916
4.6 -1.03796
4.7 -1.01862
4.8 -0.990234
4.9 -0.953088
5 -0.904406
5.1 -0.846178
5.2 -0.777045
5.3 -0.70109
5.4 -0.617864
5.5 -0.527854
5.6 -0.431812
5.7 -0.331085
5.8 -0.226654
5.9 -0.119672
6 -0.0108895
6.1 0.0994792
6.2 0.210969
6.3 0.32236
6.4 0.433007
6.5 0.541463
6.6 0.646962
6.7 0.748593
6.8 0.845325
6.9 0.933241
7 1.01161
7.1 1.08169
7.2 1.14156
7.3 1.18948
7.4 1.22822
7.5 1.25687
7.6 1.27625
7.7 1.28677
7.8 1.28671
7.9 1.27456
8 1.25225
8.1 1.22001
8.2 1.17696
8.3 1.12338
8.4 1.06099
8.5 0.990171
8.6 0.91001
8.7 0.822373
8.8 0.730145
8.9 0.633613
9 0.533369
9.1 0.427802
9.2 0.31811
9.3 0.207284
9.4 0.0964916
9.5 -0.0134048
9.6 -0.119392
9.7 -0.222243
9.8 -0.321571
9.9 -0.416921
