0 -0.0257797
1000 -0.0215722
2000 -0.0199075
3000 -0.0177452
4000 -0.0180171
5000 -0.0158992
6000 -0.025758
7000 -0.0364445
8000 -0.034221
9000 -0.0373208
10000 -0.0535087
11000 -0.060065
12000 -0.0668096
13000 -0.0647937
14000 -0.0631338
15000 -0.0590613
16000 -0.0513113
17000 -0.0574253
18000 -0.0622996
19000 -0.0695201
20000 -0.074446
21000 -0.0702284
22000 -0.0773193
23000 -0.0847974
24000 -0.0744652
25000 -0.0761939
26000 -0.0840646
27000 -0.0725956
28000 -0.0750581
29000 -0.0715505
30000 -0.0888998
31000 -0.086504
32000 -0.0835706
33000 -0.079395
34000 -0.068563
35000 -0.0640546
36000 -0.0690692
37000 -0.0648052
38000 -0.0618911
39000 -0.0569978
40000 -0.0599245
41000 -0.0709259
42000 -0.058653
43000 -0.0610607
44000 -0.0598606
45000 -0.0663089
46000 -0.0624942
47000 -0.0669889
48000 -0.0678823
49000 -0.0655073
50000 -0.0603179
51000 -0.0547685
52000 -0.0462558
53000 -0.059682
54000 -0.044782
55000 -0.0372694
56000 -0.0170699
57000 -0.00372603
58000 -0.000720478
59000 -0.00294535
60000 -0.0088765
61000 -0.0077194
62000 -0.0132473
63000 -0.0144818
64000 -0.0175457
65000 -0.0200263
66000 -0.0179408
67000 -0.0225005
68000 -0.0404716
69000 -0.00110953
70000 0.00449047
71000 -0.0082488
72000 -0.0234006
73000 -0.014799
74000 -0.000332303
75000 0.00166678
76000 0.000207812
77000 0.00893122
78000 0.0255746
79000 0.0156961
80000 0.0234812
81000 0.0173195
82000 0.0263934
83000 0.0355889
84000 0.0333285
85000 0.0334017
86000 0.0233743
87000 0.0284116
88000 0.0237497
89000 0.019891
90000 0.0243275
91000 0.0207875
92000 0.0201888
93000 0.00918675
94000 0.00632939
95000 -0.00300652
96000 -0.00937567
97000 -0.0242502
98000 -0.033019
99000 -0.0471174
