0 3.79055
0.1 3.72063
0.2 3.62234
0.3 3.51004
0.4 3.38301
0.5 3.23599
0.6 3.06928
0.7 2.87521
0.8 2.66422
0.9 2.44088
1 2.21175
1.1 1.97422
1.2 1.7301
1.3 1.48361
1.4 1.23459
1.5 0.980293
1.6 0.717652
1.7 0.448133
1.8 0.181023
1.9 -0.0714312
2 -0.318262
2.1 -0.554155
2.2 -0.779128
2.3 -0.986915
2.4 -1.17332
2.5 -1.34126
2.6 -1.49007
2.7 -1.62219
2.8 -1.74315
2.9 -1.85092
3 -1.95593
3.1 -2.05835
3.2 -2.15438
3.3 -2.24506
3.4 -2.33218
3.5 -2.41974
3.6 -2.50133
3.7 -2.57267
3.8 -2.62588
3.9 -2.66155
4 -2.68336
4.1 -2.68963
4.2 -2.67793
4.3 -2.65321
4.4 -2.61342
4.5 -2.56256
4.6 -2.50131
4.7 -2.42479
4.8 -2.33215
4.9 -2.22979
5 -2.11769
5.1 -1.99366
5.2 -1.86481
5.3 -1.73287
5.4 -1.59034
5.5 -1.44236
5.6 -1.2807
5.7 -1.11644
5.8 -0.955906
5.9 -0.79933
6 -0.650624
6.1 -0.50501
6.2 -0.366675
6.3 -0.234152
6.4 -0.104674
6.5 0.0203696
6.6 0.140029
6.7 0.246757
6.8 0.33425
6.9 0.409992
7 0.485897
7.1 0.551025
7.2 0.604138
7.3 0.638423
7.4 0.661203
7.5 0.675482
7.6 0.680135
7.7 0.681451
7.8 0.685316
7.9 0.693045
8 0.694366
8.1 0.690238
8.2 0.678947
8.3 0.668254
8.4 0.657333
8.5 0.639268
8.6 0.619779
8.7 0.59249
8.8 0.568315
8.9 0.55336
9 0.551149
9.1 0.555578
9.2 0.565887
9.3 0.588219
9.4 0.616926
9.5 0.651409
9.6 0.689635
9.7 0.721729
9.8 0.74656
9.9 0.769303
