15.3489 10.7839 6 
18.2962 7.52479 6 
17.9751 7.67655 6 
17.0642 8.00356 6 
16.4017 8.10222 6 
22.4491 10.5228 6 
21.6902 10.3587 6 
20.8567 10.6399 6 
19.9733 10.8882 6 
19.1294 11.2704 6 
18.5508 10.9642 6 
18.0212 9.97931 6 
17.9387 9.46159 6 
17.8687 8.88931 6 
17.3292 8.44471 6 
17.2415 7.73823 6 
17.6438 7.33208 6 
18.3826 6.63119 6 
19.0923 6.35394 6 
19.7009 6.17597 6 
20.7722 5.98705 6 
21.1037 6.41474 6 
21.5133 7.31196 6 
21.8893 8.44683 6 
22.1928 9.07752 6 
22.3133 10.2392 6 
22.2334 10.9039 6 
21.9493 11.3306 6 
21.786 11.8633 6 
21.859 12.5856 6 
21.9881 12.8005 6 
21.496 13.3144 6 
20.5281 13.5567 6 
19.8963 13.5514 6 
19.1039 13.4973 6 
18.9576 13.2693 6 
18.5182 12.2777 6 
18.4736 11.3239 6 
17.9941 10.6 6 
17.6138 9.7496 6 
17.4192 8.65678 6 
17.5839 7.24028 6 
17.1593 6.21294 6 
17.2177 5.33419 6 
17.0164 5.09189 6 
16.7207 4.82585 6 
16.8276 4.11537 6 
16.9346 3.80088 6 
17.1704 4.34068 6 
17.2767 5.00146 6 
17.0609 5.36371 6 
16.4622 6.51769 6 
15.9701 7.33721 6 
15.4528 7.87006 6 
15.4493 8.00861 6 
15.1511 7.86246 6 
14.7096 8.12187 6 
13.5999 8.87834 6 
14.8859 9.76009 6 
14.0954 10.1745 6 
13.2097 10.4617 6 
12.9352 11.2885 6 
12.3151 11.5413 6 
11.6203 11.5898 6 
10.9248 11.4585 6 
10.8368 10.9955 6 
8.1824 11.4356 6 
7.90431 11.293 6 
7.9583 11.0988 6 
7.55919 11.1483 6 
8.18764 10.3779 6 
8.63753 10.152 6 
8.25986 11.0299 6 
8.58589 10.9175 6 
8.86076 10.975 6 
9.20432 10.6085 6 
9.89661 10.4681 6 
10.636 10.232 6 
11.1042 10.4961 6 
11.2776 10.7769 6 
11.811 11.4035 6 
12.5129 11.858 6 
12.3116 12.4691 6 
11.898 12.7525 6 
12.3223 13.0996 6 
12.5252 13.1409 6 
13.0339 12.5752 6 
13.2663 12.0288 6 
13.7567 11.6464 6 
13.9733 11.1413 6 
13.8531 10.1252 6 
13.7405 9.70528 6 
14.0754 9.68004 6 
14.0558 9.71723 6 
13.8692 9.8416 6 
14.1112 9.99769 6 
14.5285 10.1555 6 
14.8684 9.67524 6 
15.1049 9.30089 6 
15.7329 9.1347 6 
