10000 1.91667 720 0
20000 2.03454 1416 0.0862273
30000 2.06508 2138 0.0345717
40000 2.06796 2800 0.00466318
50000 2.03729 3516 0.0536446
60000 2.01162 4304 0.0467529
70000 1.98493 5036 0.0593138
80000 1.96385 5768 0.0512898
90000 1.95651 6538 0.018322
100000 1.95958 7302 0.00829219
110000 1.96433 8094 0.0132156
120000 1.9644 8846 0.000219951
130000 1.96724 9606 0.00917891
140000 1.96829 10344 0.00364501
150000 1.96347 11074 0.0176492
160000 1.95819 11818 0.0196252
170000 1.95094 12560 0.028031
180000 1.94703 13274 0.016214
190000 1.93875 13956 0.036965
200000 1.93858 14664 0.000717312
