10000 2.18888 508 0
20000 2.11207 1014 0.0545243
30000 1.95758 1464 0.200994
40000 1.88461 1922 0.116614
50000 1.88808 2374 0.00659411
60000 1.96115 2630 0.276639
70000 1.97335 2986 0.0340532
80000 1.98827 3412 0.0369776
90000 2.00696 3902 0.0433768
100000 2.03277 4422 0.0612611
110000 2.05364 4864 0.0629377
120000 2.08887 5174 0.159563
130000 2.05703 5476 0.151255
140000 2.07435 5762 0.0886062
150000 2.07468 6106 0.00142653
160000 2.07903 6464 0.0185528
170000 2.07294 6794 0.0289485
180000 2.09943 7202 0.104001
190000 2.10957 7498 0.0565833
200000 2.15838 7914 0.196701
