10000 3.03518 292 0
20000 2.26908 762 0.336556
30000 2.3402 1214 0.069226
40000 1.9992 1646 0.479137
50000 1.88785 2110 0.176655
60000 1.9287 2480 0.0951034
70000 1.86042 2778 0.21475
80000 1.81459 3182 0.111432
90000 1.74119 3546 0.21388
100000 1.76406 3792 0.104233
110000 1.75478 4312 0.0203833
120000 1.75987 4910 0.0105872
130000 1.75682 5002 0.0451533
140000 1.78413 5518 0.0707445
150000 1.85391 5890 0.267271
160000 1.9029 6158 0.269167
170000 1.91491 6500 0.0524599
180000 1.91953 6804 0.0232623
190000 1.85455 7258 0.223394
200000 1.86813 7526 0.0822251
