10000 1.31223 472 0
20000 1.4438 788 0.13896
30000 1.57182 1158 0.157418
40000 1.5131 1542 0.0885403
50000 1.57586 1926 0.112697
60000 1.66264 2378 0.150962
70000 1.57373 2822 0.179972
80000 1.46032 3378 0.203527
90000 1.44256 3770 0.0510044
100000 1.47167 4148 0.0918173
110000 1.50427 4534 0.10561
120000 1.52455 5030 0.0535364
130000 1.57823 5364 0.224217
140000 1.61693 5588 0.247646
150000 1.61652 6036 0.00130746
160000 1.62492 6460 0.0298772
170000 1.64313 6804 0.0829358
180000 1.6912 7096 0.263994
190000 1.70305 7386 0.0665506
200000 1.75493 7748 0.236699
