10000 2.66322 202 0
20000 2.79078 340 0.132026
30000 2.3848 722 0.208623
40000 1.94131 1128 0.394331
50000 1.82729 1538 0.140295
60000 1.56487 2004 0.353578
70000 1.67713 2350 0.245755
80000 1.70972 2890 0.0501443
90000 1.66049 3278 0.122238
100000 1.68018 3596 0.0641811
110000 1.69601 4006 0.0418638
120000 1.73324 4112 0.406193
130000 1.66717 4528 0.18112
140000 1.70115 4972 0.0925963
150000 1.69943 5426 0.0048605
160000 1.65889 5822 0.138858
170000 1.71537 6150 0.243159
180000 1.71265 6554 0.00977464
190000 1.69542 6738 0.140767
200000 1.69871 7170 0.0114455
